0.283580390
0.996298647
-0.587834749
-0.563342565
0.215702670
-0.388438211
0.689906276
1.010411636
0.422258231
0.007034750
0.155787398
-0.780824977
0.393747846
0.929269576
0.443571017
0.522230012
-0.105756665
0.024837660
1.028651848
0.752411685
-0.509111971
-0.572454604
0.476024228
-0.133421843
-0.226588034
-0.249712273
-0.524644698
-0.154902374
-0.682267998
-0.369025660
0.477897491
-0.773841676
0.297525856
0.106779649
0.400104643
0.102535493
0.170199094
-0.404849066
0.057865827
-0.557981588
0.159949580
-0.010535030
0.026251629
-0.174677226
0.150388854
-0.298274696
0.228010974
-0.076127877
-0.006856571
-0.862785474
-0.253337283
-0.094999203
-0.407475860
-0.143322476
-0.194223475
0.342568692
0.026545157
0.077104254
0.155814141
-0.281090031
-0.429253137
-0.123761231
0.126582953
-0.210976638
-0.593466952
-0.718059425
-0.037779405
0.371800464
0.788867892
0.175420866
-0.343815347
0.324088447
-0.694641825
0.166942957
0.704771870
0.308625938
-0.151564813
0.872045606
-0.761108846
0.048513313
-0.141960824
0.211779721
-0.644906156
0.173981689
-0.150449125
-0.406710175
-0.311089422
-0.486175405
-0.194488333
0.187830861
-0.235558205
-0.088615347
0.333301683
0.229152184
-0.368111515
0.525923576
-0.904845797
0.126709232
0.080681102
0.122923346
0.808670660
-0.198764426
-0.365519211
-0.233537183
-0.069222283
0.454150077
-0.084990001
0.758405524
0.189259075
-0.731270728
-0.063497332
-0.360743126
0.855526520
0.062855927
0.134716630
-0.337031051
1.381991469
0.172392933
0.566260564
1.187705657
0.384533916
-0.133935093
-0.510385607
0.341431942
0.085593740
1.211309415
-0.162876558
-0.669195119
-0.273729755
-0.797578038
0.206793654
0.470939018
0.209460261
-0.424228316
0.751080759
-0.166255496
0.623052799
0.105432119
1.356338423
-0.670444712
0.112158035
-0.354928639
0.108101831
-0.345201303
-0.370684045
0.264016645
-0.093646113
0.353686832
-0.082093906
-0.013647132
-0.006154778
-0.800665034
0.009102015
-0.351277389
-0.586355676
0.432879599
-0.967089531
0.773512410
-0.408670205
-0.244534902
-0.112730125
-0.009504896
-0.003093751
0.123587781
-0.022377472
-0.356416960
-0.222643987
-0.765245610
-1.464496154
0.153640490
-0.146686438
0.003098857
-0.378345922
-0.162572699
0.387827199
-1.024581779
0.410981901
0.943886070
0.402832166
-0.147508271
-0.076175316
-0.918049584
0.602267520
0.116565410
-0.457207925
-1.163334608
-0.494911731
-0.309893358
-0.026485670
-0.482646437
0.246665519
0.037848763
0.666786651
-0.278199546
0.618693958
0.088517150
1.206249336
0.347376852
0.038166013
-0.883311763
-0.178202137
0.502674190
0.280613601
0.243517938
0.483241369
0.073034807
-0.104946043
-0.582378627
-0.660693032
0.295347684
-0.211257582
0.292954203
-1.048021366
-0.453811593
0.368372429
0.599188348
0.636361984
0.504925633
-0.112644441
-0.223556189
0.196955510
-0.131874549
-0.784112605
-0.028356921
0.597341487
-0.337145202
-0.028803974
-0.882253014
0.457559459
0.230473693
0.343958923
-0.008607517
0.763384329
0.062094984
0.017926957
0.220641363
1.010578061
-0.618165108
0.461306423
-0.653776706
0.138741579
1.061265409
-0.198935852
0.719680076
0.073721121
0.124984426
1.176544926
0.714083219
0.349751947
0.095596527
-0.265131248
0.278789240
-0.102443493
-0.511637256
0.585100460
0.465857563
0.357797972
-0.351752819
0.052108504
0.311142748
-0.086460784
1.169324201
0.731412248
-0.336131959
0.191483342
-0.458057894
0.939134951
0.039736333
-0.349442677
0.424378898
-0.219294529
0.586919160
0.024387724
-0.158594286
-0.414363220
-0.339037816
0.448784063
-0.102056914
0.496223231
0.185211395
0.336136277
0.231024936
0.149755205
0.176424951
0.121858386
-0.203566158
0.806613281
0.324405563
-0.419681449
-0.416101664
0.642941001
-0.470006333
-0.094055792
0.016317052
-0.512768452
0.106201992
-0.096935046
0.108012182
0.128907702
-1.343473979
0.720665776
0.646843339
-0.724499056
-0.567986300
-0.229142463
-0.395432491
-0.286776723
0.169714702
0.566845618
-0.285152006
0.749584981
0.234147612
-0.424717851
0.199913640
0.667415679
1.297221480
-0.153503648
-0.015049646
-0.933194290
-0.518720114
-0.698646462
0.299802725
0.054647117
0.194185998
0.517446451
0.223644429
0.113766833
-0.202250281
0.203758605
0.437343542
0.827694032
-0.044555733
0.755311839
0.034503893
-0.377143361
-0.416010461
0.104800151
0.108944250
-0.202281755
-0.965302317
0.469952989
0.525193143
-0.893947055
0.355149971
0.056542233
-0.763782862
0.377327643
-0.066371872
0.630429949
0.653103296
-0.280017943
0.765269452
0.309966487
0.138589967
0.047221738
0.188974806
-0.801080361
0.638198524
-0.900759483
-0.423220689
0.197030967
0.954188776
-0.068966664
0.228623832
-0.659188993
-0.751682141
0.279910483
-0.293244463
0.037617784
0.410950067
-0.284998942
-0.493968127
1.194526612
-0.617264536
-0.910077915
-0.440645102
0.244339025
-0.303274225
0.555020824
0.102684436
0.060516080
0.407481320
-0.056199799
0.582213733
-0.795897734
-0.169833325
0.565457935
0.315448426
0.373178246
-0.246051312
0.038557266
-0.247592738
-0.244212214
-0.672588877
-0.902881557
0.381297777
0.373053518
-0.125388350
-0.018397821
-0.187461439
-0.274917872
0.160044519
-0.384508621
-0.202941745
0.255865985
0.461491510
0.586953206
-0.441710669
0.685587167
0.641220436
0.706033062
-0.761451230
-0.708990538
0.653856223
-0.057750342
-0.581499414
0.599184068
-0.434112455
0.204120475
1.128883020
-0.205682496
0.073368523
0.536313382
0.202096385
-0.817748923
-0.046060746
-0.065451373
0.260193198
-1.166786064
0.608550168
0.352400284
0.448731590
0.146880491
0.762469883
-0.693610165
-0.875342747
-1.044987018
-0.823477959
-0.355962168
0.045599647
0.186307447
-0.107937465
-0.750723431
0.066655358
-0.479503700
0.263215340
0.131877736
0.241135859
-0.451528861
0.105326045
0.735816677
0.557019035
0.644122260
0.018258898
0.154083617
0.043350926
0.667929119
0.248613955
0.094166969
-0.119009373
0.013060835
-0.697885570
1.062022838
-0.199873178
-1.341436502
-0.095058869
0.486595247
0.683963457
-0.441857519
0.098804911
-0.127484603
1.181036347
-0.659618550
0.567251649
-0.418360131
0.181198750
-0.005991930
0.505555609
0.317769167
0.308882119
-0.692780906
0.331755812
-0.249327210
-0.343668975
-0.772480999
-0.116724161
-0.216280659
-0.209453635
-0.811612875
-0.163893157
0.981421426
0.433489407
0.539303526
0.018215094
0.286517751
-0.092533432
-0.967302585
-0.427226688
-0.192256105
-0.447701861
0.277153090
-1.303276037
-0.343254823
0.203809844
-0.071790066
1.005815486
-0.949262942
-0.543304619
0.378231081
-0.041467540
0.238141650
0.028440285
0.370952382
0.513613154
0.228925661
-0.173910788
-0.785026715
0.068071657
-0.475743331
0.703652154
-0.125920176
1.028210181
-0.781621877
0.605209723
0.123505574
-0.478145346
0.113614375
-0.037134216
-0.308232853
1.156423662
-0.299567943
-0.153561514
-0.125860527
0.568386560
0.089234636
-0.955769093
0.066707793
-0.475073300
-0.254899329
-0.347038796
-0.059501047
0.022457413
0.575992627
0.022512304
0.101223162
-0.437725009
-0.010860654
0.017998721
-0.349357536
-0.295512256
0.644933498
0.879954787
0.462612920
0.149617814
-0.084687082
0.131875971
0.085673178
-0.315587615
0.355293413
0.122123886
0.152648104
0.213782116
-0.948533368
-0.422500825
-0.006893231
0.317282952
0.171481888
0.662039312
-0.414299403
0.011104704
-0.696952724
-0.341885085
-0.190817392
0.284142780
0.375246201
0.543431743
-0.381139370
0.894949519
0.152715149
-0.513949627
-0.737884975
0.529478589
0.464260589
0.455933001
-0.424375445
-0.284449336
0.128041598
-0.457655876
-0.044447945
-0.234976406
0.457469454
-0.193011890
0.313166150
-0.029145273
0.116208904
-0.197293208
-0.680391711
0.529998924
-0.125708199
-0.816058447
-0.292200642
0.976854927
-0.042498635
-0.147755980
-0.268861673
0.262144430
0.926657415
-0.352217315
0.417662710
0.647699758
-0.349492735
-0.261568978
1.072923874
0.278296790
-0.352284552
0.031487977
1.131962905
-0.802585965
-0.086580556
-0.880018852
-0.475562406
-0.772419921
-0.717443205
-0.193144047
-0.271037289
-0.663340548
-0.190146061
-0.598002319
0.807246235
0.523666068
0.248527967
0.019070562
-0.575271548
0.075673446
0.167029321
-1.001176442
-0.517691423
-0.586824939
-0.112699666
0.881555560
0.773071293
-0.119417226
-0.702817854
-0.565484642
0.276557684
-0.572515233
0.111686953
-0.137637099
0.340005169
-0.538230232
0.274819043
-0.067007166
-0.484513444
0.619733254
-0.393445482
-0.310366908
-0.038545045
-1.300513893
-0.144427288
0.478816872
0.428164857
-0.238268946
-1.451970796
-0.976441291
-0.625463064
0.345106208
-0.196303441
-0.330701720
0.556016737
-0.285536270
-0.034344816
0.490718931
0.546495103
0.649752121
0.174891320
0.517694419
-0.242713076
-0.677324870
1.027214741
0.189209140
-0.201429010
-0.370555356
-1.089678497
0.443336759
-0.121445080
-0.019473860
0.381011635
-0.179347720
0.106953037
-0.865901721
0.341388953
-0.873692451
-0.493547885
-0.026290300
1.587192724
0.364853983
0.000250830
-0.703502637
-1.017065211
-0.285114142
0.009120916
0.376676218
0.419032166
-0.296080307
-0.344806532
0.656339809
-0.994639662
-0.361437162
0.303792249
-0.294518745
-0.025947329
-0.437883426
0.315370278
-0.311889242
-0.918146795
0.909394260
-0.980671524
-0.492725029
-0.811866653
0.113158403
0.268834401
0.125077409
-0.512292064
-0.321684833
-0.314123539
0.715859159
0.940225390
0.424143019
-0.216092071
-0.924687120
-0.264539406
-0.200747273
0.071586330
0.065913060
0.235645087
0.557478706
1.365662484
-0.252797246
0.441092429
0.576039634
0.444433458
0.234020312
-0.751296448
1.045588310
-0.017688637
0.532781099
0.126104644
1.086536601
-0.202199889
0.798136946
0.161986688
0.270202062
-0.177938040
-0.326667121
0.448491711
0.520256998
-0.020324429
0.073982800
-0.093540391
0.287851259
0.711425484
-0.449277600
0.417433368
0.307456798
0.590355178
0.409942166
0.213316056
0.052076691
0.202416727
-0.127321340
1.101677545
0.632032121
-0.505470486
-0.294419630
0.149462884
0.106814986
-0.266176538
-0.207627883
0.041719702
0.739652549
0.250677280
-0.473759264
0.172332257
-0.314406278
0.586895565
0.102095442
-0.321057681
-0.350890173
0.193841414
-0.493360843
0.235068416
0.453270062
-0.203891976
0.340430205
-0.033056349
-0.288582904
-0.591024529
-0.541663534
-0.411056200
-0.633661512
0.622860663
-0.139773649
0.494189800
-0.434693452
-0.298696534
-0.076437530
-0.493818113
0.272284533
0.769526986
0.757812608
-0.271749302
0.324948579
-0.053300985
0.634590230
0.854874035
0.320093685
0.232116181
-0.198700837
0.063424725
-1.075580933
0.751183468
0.489800190
0.454846855
-0.085980000
0.189781060
-0.425950169
0.427063181
-0.527507091
0.561904979
0.199826983
-0.476185011
-1.067234542
0.370585352
-0.386658301
0.526529785
0.050637018
0.204689068
-0.029131699
0.440054571
0.240135974
-0.199866155
-0.965097633
0.738846938
0.044850144
-0.213556906
-0.092554176
-0.357369167
-0.335611085
-0.011149239
0.503880515
0.186622876
-0.586168730
-0.349108632
0.721090562
0.185262795
0.048810210
-0.392013304
0.760467507
-0.040250362
-0.403330840
0.421965447
0.002220122
0.463589348
-0.000740766
-0.125953583
0.110165463
-0.086515185
-1.327134049
0.096771601
-0.070132007
0.464258592
0.207193284
0.106331529
-0.382125230
0.848493307
0.634983755
0.335142117
0.309178963
0.014311340
0.342429094
0.834093045
0.611220271
0.062835289
-0.621724566
-0.285664506
-0.417879545
0.119081970
0.274606724
0.322648692
0.363968897
-0.721053925
0.965331758
-1.271576372
0.890101864
-0.578301634
-0.053063567
0.103351491
-0.646857082
0.051349033
0.011200222
-0.474062804
-0.263147019
-0.289861348
-0.161792096
0.403707392
0.109041618
-0.025039325
-0.277041523
-0.081004649
0.862967913
0.309602540
-0.399868739
0.354548207
-0.352973865
-0.908839878
0.108748620
0.269417303
-0.547202897
0.094606548
-0.053976796
-0.129879978
-0.558122190
-0.075301611
-0.627375125
0.295535813
-0.637632108
-0.534202446
-0.502504117
0.369499657
0.621605301
0.137052076
-0.350656763
0.230496322
-0.057802517
-0.701461992
0.563838560
0.900275507
-0.087172877
0.118315308
-0.514750298
0.356264031
0.305742929
0.718037491
0.114193466
0.514912457
0.477027641
0.225613726
-0.124562188
-0.213901662
0.587489440
0.791700412
-0.161454325
0.309425880
0.112445268
0.046701055
0.800775986
-0.385656508
-0.143607242
0.110973531
-0.485546449
0.104992520
-0.317718258
1.042142616
-0.974876707
0.155037891
-0.764161314
-0.184144323
-0.473416601
-0.605430326
-0.493258280
-0.982904425
0.194685832
-0.429707868
-0.509912203
0.437041363
0.351640766
-0.473415952
0.071993644
-0.684741527
0.352986500
-0.535404218
-0.098875063
0.791362929
-0.030393982
0.113000963
-0.972385918
0.518465167
-0.339278284
-0.152559547
-0.039991731
-0.384581851
-0.159559204
0.684370492
0.577693467
-0.079767664
0.519898474
0.194944534
-0.057750694
0.461900888
0.236577302
