2.763566132
0.864057553
2.175754477
0.781169977
1.632007180
0.243113707
1.160397996
1.008733057
2.341753573
1.180282588
2.521100331
-0.341433814
-0.165874113
0.472637195
1.981340511
1.750173010
0.101063579
0.652138212
2.245553876
2.582612647
1.118508549
1.933721724
0.245274845
1.979588499
-0.524038337
1.080992969
-0.434288940
1.201542915
2.637049614
1.383071267
1.436107953
1.080831523
-0.467343534
1.609885267
0.821910147
1.417258649
-0.044858294
1.581098552
0.058075267
0.788746353
1.822240824
0.499343652
0.467760412
1.007947393
1.774937727
-0.257046575
-0.374662604
1.610877852
0.253059226
1.042836247
0.428792575
1.827577721
0.021768432
1.495437977
-0.794252335
0.463714762
0.665076504
0.627390748
0.395093878
0.702320304
-0.487909910
0.126045964
2.114999842
2.178030154
0.412115187
0.693799254
-0.214380321
1.512909976
0.559673074
0.699537527
-0.547136510
0.941363730
0.685745835
1.825163998
0.625985512
-0.434994370
0.863089989
-0.463690136
2.252173486
2.066390887
2.884561888
0.418861447
0.578546667
0.647839058
0.402821116
0.750955372
0.749986150
0.041757200
1.246808436
1.344359901
1.778129577
0.633282366
-0.396849838
3.137410786
1.733472513
1.484099388
2.190256169
2.021022087
2.094329598
0.919971860
1.820377477
-0.057066593
0.766932417
0.218304392
0.171438178
-0.515082680
3.585524330
0.376579722
1.283396007
0.607751492
-0.724816576
0.635575869
1.047037267
0.340291513
1.240312213
1.536068874
0.185421386
1.640778231
1.299896805
1.943973301
-1.095954743
0.170934277
-1.312388468
2.594218554
1.448852128
1.075808028
1.701190136
-0.287022035
0.490865850
0.165204344
-0.083181226
0.570105380
-0.149421801
-0.461515061
1.246380211
1.864665679
0.545327403
0.811811981
1.571641813
0.682837824
0.271708576
-0.141162783
2.550782443
2.612339347
2.313347487
0.814932706
0.151521656
0.187307538
0.568766057
0.596348975
1.629565620
0.658110136
0.013809956
2.836258454
0.238862327
1.163696307
1.174498352
2.556291151
1.110509386
2.124704989
0.024526841
-0.167246601
1.168147373
-0.570980361
2.864779793
2.432235123
0.565692834
0.422186882
1.436589702
1.248832629
0.169014365
-0.379479873
-0.209498367
-0.067122320
0.034542975
0.036920854
1.738082108
0.767814308
2.806482078
2.544510228
0.439765153
-0.294845159
0.022837881
1.443491946
0.585763882
2.871611768
2.648507635
0.035468627
1.291943881
2.020336349
0.742690488
0.811081482
-0.141290665
1.381905523
0.151914119
1.858295620
0.569656712
1.249910633
0.916593652
1.491127008
-0.986406251
-0.529234648
1.701908364
2.344731487
-0.285505983
-0.098082967
0.132602996
1.749477799
1.362066322
2.518099454
3.065889530
0.876711219
1.246802559
1.718269296
0.758165836
-0.258873899
0.946201652
1.533626943
1.094717483
3.034579557
0.929818532
0.338312129
0.873136679
0.813828064
-0.267576007
1.796443459
0.884563406
1.931195590
2.760141410
1.205185575
1.100106106
-0.171208044
1.583684062
-0.414002807
1.465515075
0.449453472
1.106145940
1.493807618
0.423328511
0.933453963
1.563893534
1.371790975
1.302001727
1.326846144
1.489893864
0.757306870
0.013494533
2.197855754
1.178139453
-0.184661241
1.897521202
-1.558296053
0.427365312
0.919539050
1.422791715
1.077573925
0.601983644
0.667972961
-0.508661502
-0.197334612
1.004769896
0.379626111
1.581964292
2.422775968
0.685990199
1.076042146
2.430605378
1.541586732
2.376592768
0.649614610
1.542542841
1.234739467
-0.899166728
1.481035511
0.473154756
-1.238046868
-0.288044141
0.875953821
2.754309154
1.306295905
-0.120086914
0.866472304
0.289120998
1.312679889
1.757750004
-0.101920748
0.714225137
0.995989679
-0.773477685
0.475283750
1.370703042
0.915242422
1.335014927
2.309203568
1.061535128
1.863041856
0.778561951
1.117467119
2.641754531
0.096125206
1.386779282
1.194798470
-0.294297416
0.759106835
2.302721988
1.116074075
0.279526225
2.713156779
1.688712322
0.589160593
-0.445173759
-1.339243213
2.384809512
1.402745665
0.950521194
0.705199486
0.556496672
0.742540684
2.068260629
2.407845392
-0.282326320
-0.076154948
-0.052988745
-0.233246390
2.353211763
0.997410616
0.261336019
-0.208749698
0.507306525
0.146571298
0.626597730
2.146573126
0.317575225
0.932352104
2.049705352
2.070142719
0.394532132
0.509730433
2.111228929
-1.362979268
0.318573888
0.817161276
1.718723962
0.824099831
-0.147829675
2.328163258
2.875786619
0.389848718
0.901898060
0.067505093
-1.351720943
1.849268585
1.426193196
1.050670335
2.768031822
2.490909648
0.267154130
1.397597256
2.378455604
2.087711989
0.408821483
1.652171513
2.200718187
-0.461388149
0.253509383
0.993963940
1.901555929
-0.060999735
0.823968850
1.739068481
1.114903089
1.965336321
0.714892554
2.934563908
0.786407374
0.357571678
1.186690574
0.433118105
-0.015916003
1.218579194
0.427343397
1.363523781
1.422267205
0.145549182
1.243473394
0.621980301
2.313352840
0.316636042
0.625867500
1.878209976
-1.290183936
0.859399229
4.218769653
0.982991208
2.005087199
-0.231122467
0.146693352
0.512233097
1.750012774
0.296315807
1.418098808
0.431632851
1.803006606
1.207141091
2.216245810
0.885892236
2.262412335
2.256577041
0.585854723
1.422513765
-0.170149315
2.274559773
-1.337457194
0.646000118
1.668067838
2.011518673
0.001956062
1.481413908
0.557138145
1.583541184
1.418592211
2.828326514
0.902905756
1.621009941
2.625690120
1.003751804
1.633308601
-0.343297491
1.131037109
2.048113104
0.212056744
1.945527580
2.324305805
0.597955054
2.273461131
1.935949197
0.380579895
1.300273483
0.218691190
0.905648229
1.640358600
2.798221477
0.645002864
0.315920324
1.517452172
-0.286991439
1.176317035
-0.293731574
0.423095802
1.131391237
0.586202687
1.311144300
-0.313681556
2.119937988
1.238903553
0.277621673
0.152541742
2.282359263
0.324643008
-0.305567518
0.208039077
2.509663248
1.556105262
0.875255550
1.078926506
-0.038320447
0.850572505
2.189111272
1.380793317
-0.005772543
1.263347424
1.105616656
1.000623429
-0.212624000
1.495594148
2.167367005
-1.155928999
0.011154277
1.726344750
0.125286763
0.821634711
3.263079955
2.052991789
2.491231934
1.319881625
0.299906307
0.605837602
3.017425231
0.212203152
0.713889123
0.281002041
2.271829684
0.193358663
0.868523560
0.899411653
0.712812439
1.916186551
2.157343582
-0.500802381
0.696053396
-0.706867581
1.064716244
1.017759423
2.281270021
1.420308457
3.342141948
0.566958473
2.745720738
0.347992070
0.799985126
0.714066104
1.680114056
1.625004285
0.726171831
0.237374451
1.254291533
1.015555349
1.276619370
0.579274758
-0.648813963
1.227372346
0.482352736
0.624127823
0.563546176
1.796271849
1.450809742
1.425510847
1.144387758
1.902712295
1.981620834
1.061042247
1.459383793
0.447864808
3.102902390
1.699366352
0.379128243
2.493344471
1.896500069
-0.185079660
2.665813114
1.864397007
1.228604028
1.741132227
2.621138633
-0.079801732
3.722766872
0.961385295
2.541968823
0.751661430
-0.380417210
1.551877042
1.810273470
0.770395915
1.762939460
1.996075912
1.438763839
1.491364644
-1.152922554
-0.401374602
-0.227150813
0.865108982
-0.029185798
1.707507552
-0.008757703
1.084989198
0.440611779
1.929528976
0.911901280
1.449944568
1.780026375
0.685497703
-0.053755616
0.630395790
2.380845974
0.366215314
0.692965821
0.744201025
0.395313588
1.720591512
1.278663809
1.707610436
1.749682420
0.784211576
1.810496078
-0.594729485
0.036588718
1.106958873
-0.905002451
0.857465544
2.144964516
0.161571122
0.470412988
-0.146474248
1.306642176
0.970708248
1.005401018
3.348972946
-0.356225835
-0.366008319
3.223873499
1.201509557
1.526276485
0.534261567
0.016314135
2.365052747
0.027732925
0.630135827
1.166815847
1.593380127
0.051241268
1.645622079
-0.689884645
0.654853933
1.229694413
1.121291129
1.895112774
0.735464999
1.448601062
1.214635618
0.959049207
2.092137253
0.492579799
2.366918064
-0.837368149
2.023960129
0.289448489
1.940644269
1.797445700
0.842307335
1.312163980
0.558067234
1.495418574
1.631884420
2.228487339
1.204511320
0.546982766
1.450560904
-0.095724155
-0.729054899
-0.752031716
1.827744148
1.040885087
1.631637808
1.068001375
1.650668613
1.999106836
-0.751553485
1.982311311
1.680728022
2.427515656
1.084508864
0.728138385
1.413309434
1.625628694
0.859217371
0.193195821
-0.393292567
0.783943086
2.019978814
3.396118202
3.523475889
-0.255964275
1.192874211
0.894341973
1.297957247
0.198545766
1.418427047
1.608911206
1.014664328
-0.416013646
-0.593215357
1.300972492
0.196642348
0.724838720
0.785559931
1.292828628
1.203193936
0.700332497
-0.229205894
1.480208780
1.266935861
-0.406623032
0.637811650
1.831685216
-0.070097100
1.795174775
0.602909158
0.966151021
-1.051288288
0.052912858
0.623072742
0.682278602
-0.006943228
0.066665228
0.543811747
-0.017909253
0.438530785
-0.084382458
0.925909789
0.579052303
1.281008562
0.714954238
-0.261637522
1.970642220
2.322808195
3.679859777
2.124882717
2.306517009
2.216894573
0.564095165
1.534847889
1.285099297
1.397818914
1.453952627
1.752273484
2.668680146
1.272111454
0.423273377
2.110378528
2.367586743
1.003829774
1.162254832
2.167803998
0.490655073
2.115272632
0.996493732
2.025175576
1.280471737
-0.053556402
3.167657471
1.086845545
2.827797389
1.253115905
0.892096053
-0.261446321
1.183612244
0.014999023
1.666187102
1.402972644
-0.424516141
1.393524506
-0.019898249
1.694264973
0.615146932
1.984524441
1.556240861
1.075299656
1.829119635
2.174833608
2.559531062
3.151779719
-0.260384630
-0.885013183
0.466031430
1.494328883
0.816414813
1.941952299
1.327095833
0.004828723
1.955453469
1.955350012
-0.524365742
2.434535888
1.538534867
1.025875698
-0.723207330
0.219385484
2.624900493
0.600757709
2.675247878
0.879451428
1.380748028
1.457455650
-0.079437620
-0.206340616
3.336558640
1.450846487
2.235781900
1.715602543
1.735995283
0.373846151
-0.324250242
2.384170371
0.596149595
0.379069304
1.427975192
0.799132802
0.789163102
-0.348464163
0.803215721
2.944543955
0.739116318
1.134260215
0.493632835
1.187510844
-0.285344564
1.055753157
0.130815967
1.434222592
1.800988095
2.726736064
1.087883254
0.903678639
0.727303988
1.742230885
0.863300048
2.115354440
0.654480400
1.745126125
1.753237617
1.129888237
1.108488187
2.802191421
0.610472846
-1.093331411
0.411830974
0.511301278
1.506936151
0.543083037
-0.140224890
0.079072249
2.334862434
1.379052750
-0.076700432
2.145714472
2.069636783
1.017311269
0.362653002
0.556180591
0.766348121
3.429609790
2.681895721
0.517683606
3.118875909
0.063517725
0.854552712
0.894800414
1.376349589
1.677628918
1.283494774
1.065515626
1.244113350
0.472652601
3.042655468
3.664288750
0.100167611
2.147479956
-0.882164414
0.872522880
1.359651896
1.216087323
-0.006832961
-0.427682345
0.412767157
1.516490455
1.792563159
0.279645432
0.865709894
1.053496157
1.260731323
0.657876274
-0.264470768
2.135923607
1.263374687
2.138191252
2.396964763
1.440277037
1.337343251
1.277608893
0.870229133
1.488374152
1.896229774
1.429259415
2.558636152
0.372846011
0.143848163
1.178838061
2.208725431
-0.483255095
-0.896790069
0.700389438
1.540274984
-0.922871322
1.385206871
0.700022453
0.839883951
0.515630945
0.451941346
0.053817404
2.887786458
1.387624885
1.356595357
-0.092609815
-0.405017884
0.783209338
2.627333878
1.307992489
0.968463202
0.588326681
3.110596399
0.880081405
0.122114099
-0.088343994
0.683452669
-0.400906344
0.936579728
0.295764437
-0.395085402
0.868667107
2.021163690
-0.260452158
-0.594195580
1.059497628
0.724391755
-0.628638549
1.507713163
1.909999645
0.658675101
1.936778703
0.844139399
1.733396911
-2.212419931
0.922804445
1.003621865
0.990655626
-0.538618132
1.448846000
-0.076272305
1.144055730
1.010891481
-0.242724432
1.391898220
1.608689682
0.478797565
0.269114211
1.505499295
-0.089267438
1.004146935
0.722306161
0.764627206
0.784928168
1.603426562
2.713480958
-0.168854510
-1.281046252
-0.315813155
0.090518141
-0.254059935
2.957778736
-0.021695231
0.808566678
1.616705461
1.430707519
2.772083921
1.830866977
2.004730843
0.787383311
2.645285496
2.658879621
0.586945610
1.338505612
0.999392506
-0.124890207
-0.411908299
0.462776176
0.936498396
2.299028383
-0.142772892
1.919401971
-0.210503958
0.066142125
1.927112498
0.885026608
1.986584778
2.289229975
-0.225927376
0.960355547
2.299254253
0.811106216
2.165173187
0.456851357
-0.249723205
0.590751955
1.267281723
-0.407799345
2.381605600
1.036745964
1.459514561
1.711236120
1.719773265
0.529149969
1.090843125
1.087114840
-2.287930011
2.442177706
-0.152259497
0.976163102
0.791749530
2.127755788
0.587770027
