-1.335324351
0.531982558
0.369260774
-0.448777515
-0.376897803
0.036520807
-0.049621396
-0.512462838
0.254711916
-0.399653169
-0.300822436
-0.063874198
1.141101418
1.303164466
0.402032534
-0.191694844
0.551006362
-0.646314841
-0.579569558
-0.052741158
0.079017884
-0.408781943
-0.208251381
0.670040241
-0.034416146
0.119791640
-0.476398890
0.354088306
0.246400645
-0.474733784
0.098567291
-0.913276224
0.801292444
-0.087381374
-0.265854437
-0.385887686
-1.203520573
-0.015136114
1.065920102
-0.227841542
0.692260425
0.281467261
-0.372014082
0.454291529
0.004094216
-0.168018317
-0.393335460
0.066338259
0.208791838
-0.773373088
-0.826390162
0.265137817
-0.407088350
0.280863384
-0.502696015
-0.019457159
-0.378561040
0.029058466
-0.784673675
0.035119695
0.241352232
-0.257418385
0.461551222
-0.607317330
0.094954304
-0.147009312
-0.473343908
0.296661206
-0.081011159
-0.132493543
0.293510518
0.314945327
0.041541516
0.306688218
0.938238209
0.360917609
-0.101502965
0.357987957
-0.074236995
0.622567127
1.024223241
-0.396541624
0.153292312
0.165840946
-0.059797275
0.526013245
-0.024561423
-0.489380239
0.166178225
0.379254893
0.072016564
-0.210330534
0.017671740
0.229404091
-0.318074180
0.256065630
0.468025394
0.089868855
0.620217537
-0.352858416
-0.348674021
0.332314752
0.496282473
0.408108196
0.391643002
0.071295461
0.206537188
-0.705156029
1.633102635
0.118633000
0.663806291
0.526922274
0.456927626
-0.368477481
0.006007675
0.245081641
-0.153062731
-0.367739546
0.062491422
-0.398837261
0.191690015
-0.863102171
0.624625544
-0.092492472
0.254593215
0.568622421
0.104194991
-0.948664842
0.246769936
-0.053756112
-0.016534343
0.276630398
0.175844619
-0.169455632
0.717622097
0.269794124
-0.487735552
-0.296579532
0.002614588
0.543627798
1.033014433
0.232551554
0.069758852
-0.528327970
0.302143255
-0.084844618
0.331561178
-0.099286807
-0.097595040
-0.222674197
0.514052350
0.354326961
-0.380486868
0.621295215
0.559449904
0.153355940
-0.351076235
-0.456074850
-0.075025336
-0.061542026
-0.478447505
-0.008157627
0.027836326
-0.685776772
0.116916779
0.921611639
0.139425018
0.165577785
0.206637717
0.300311886
0.894735224
0.140531473
0.319649895
0.242875615
-0.068352916
-0.357188577
-0.018610919
-0.342241878
0.883009733
-0.456162437
0.488740706
0.080101422
-0.007486730
-0.013549017
-1.139218545
-0.467411527
-0.286284177
-0.144662882
0.909418525
-0.409962247
-0.425860564
-1.031280647
0.562471930
-0.004358707
-0.763453655
-0.910387303
-0.259789705
0.019365818
0.941930842
0.332638568
0.109447081
0.366478097
-0.670475286
0.225145267
-0.135905455
0.302330768
-0.190250933
0.361980242
0.069687341
-0.636665794
0.237576216
-0.350019939
-0.250118357
-0.942757177
-0.005294219
0.462313069
-0.254182008
-0.423827811
-0.804883029
0.516466327
0.758772663
0.400708246
-0.391670570
-0.377337627
-0.799427350
1.178644675
-0.733394196
0.249782387
-0.069405088
0.528649035
0.647654753
-0.410681012
0.128235583
0.255213180
-0.083318154
0.190747240
0.417407273
-0.113418916
-0.203917796
0.622372397
-0.306376647
-0.200524709
-0.777925803
0.129635679
0.154917042
0.529699149
-0.057292701
0.953811901
-0.723700031
-0.440276549
0.263123551
0.150388880
0.112804919
0.004890451
-0.709316269
0.104494183
1.063166624
-0.270310799
-0.043803890
-0.679336693
0.233221008
-0.280795585
0.102695456
1.012112871
-0.263936529
0.378511276
-0.343558045
0.282383093
0.029658975
1.004368704
-0.408075083
0.029968233
0.522895266
0.322592172
0.014288895
-0.178534133
0.746600652
0.280642943
0.312045423
0.767299521
0.455418247
-0.364048658
-0.975980948
0.533527019
-0.620907033
0.065945708
0.186449969
-0.374821853
0.146831842
0.781365681
-0.965121838
0.236037176
-0.802499546
-0.211138229
-0.572678248
-0.137623804
0.855994981
-0.489153567
0.204308614
0.188789970
0.452736208
-0.164233516
-0.100968397
0.618029580
0.111866392
0.122213524
-0.271889838
-0.797341783
0.538073058
0.189319521
0.274150435
1.044142367
-0.976290366
0.153436197
-0.059172042
0.131752666
0.176582027
-0.938853418
-0.074583159
0.097966726
0.388891645
0.290922652
-0.155017133
0.265860092
-0.180207938
-0.619809478
-0.301211707
0.552866864
0.116834351
-1.527012948
0.375270685
-0.745802671
0.217821492
1.053147191
0.026510901
0.369059329
1.092021083
-0.990430930
-0.262600174
-0.268442139
-0.190968179
-0.267335948
0.059345911
0.456508793
0.290887026
-0.122557756
-0.774094364
0.629063661
0.307707898
0.259851481
-0.399480782
-0.056377884
0.604231704
0.341816848
0.884169297
0.261157947
-0.039341484
0.699723250
1.050569056
-0.574160515
-0.500199729
0.014114808
0.013794305
-0.441096851
0.416078043
0.573141739
0.135340292
0.015826490
0.283345850
-0.455889242
-0.339542980
0.065316947
0.120021529
-0.135255278
-0.020305894
0.492808228
0.755612933
-0.546951811
-0.236693384
0.569435527
0.816698453
0.333632254
-0.829998975
-0.131620238
0.421861013
0.313163979
-0.323969033
-0.149844807
0.888084860
-0.732305580
0.607151740
0.147061632
-0.104199488
0.203797188
-0.225737364
-0.245237887
0.174753373
0.483872343
-0.073278207
0.294433201
0.847896313
0.366420060
-0.577143656
-0.836567108
-0.062230206
-1.107841102
-0.532660710
-0.418540454
0.063593998
0.221177638
-0.129243302
0.609419680
-0.349463257
-0.976248790
0.204037830
-0.501482893
-0.162621310
-0.396569072
0.594585260
0.650418388
0.330188535
1.087967733
0.222313111
0.375937797
-0.044699948
-0.715454864
0.705335801
0.350527499
0.327290150
-0.840703925
-0.209297212
-0.128086232
0.438087620
-0.215434873
0.998797839
0.239388655
0.556058145
-0.233921084
0.183509619
-0.201659964
0.172752742
0.381352169
0.665691084
-0.986009277
0.145831231
-0.059731772
0.350247739
-0.025867415
-0.012449829
0.077307864
-0.123420460
0.050809485
0.022657353
0.047121495
-0.550644572
0.455791066
-0.416807276
0.036702376
1.591938814
-0.775649262
-0.876694141
0.499337253
-0.723020217
0.669409251
0.092782069
-0.010167347
0.477393147
0.037829463
-0.324781624
0.456203116
0.311319370
-0.375417451
0.387848913
0.324782185
-0.523856472
0.457951385
-1.005502477
-0.706565923
-0.447449203
0.308533033
-0.035569046
0.819898029
-0.276947972
0.513235856
0.654473188
-0.757803207
-0.079652032
-0.739747663
0.023193918
0.241270100
-0.484570547
-0.025656415
0.606327423
0.174513762
0.297138464
0.373419775
0.203206482
0.208988307
-0.515274134
0.367323575
-0.139984093
-0.122208529
-0.600944409
0.395762495
0.257105456
0.259004254
0.372138532
-0.679075663
0.240126779
-0.773848712
0.944468135
-0.751175509
0.205780667
-1.014048800
-0.596228994
1.061588559
0.415042462
0.084539651
0.062413730
0.310395123
0.492498885
0.870764888
0.874795978
0.209971311
-0.336909579
0.407151538
-0.146623876
0.652428631
0.213176436
0.283108375
-0.078034551
-0.315177773
-0.141558103
0.530450154
-0.548116824
-0.081452642
0.935609118
0.281623159
-0.490117040
0.382572665
-0.136907664
0.350616508
-0.459917724
-0.021318082
-0.144754892
-0.658452226
-0.846759300
-0.643642383
0.540530649
-0.959996165
-0.478712948
-0.141887546
0.146350903
-0.168954412
-0.276911580
-1.084866768
-0.449476457
-0.144128615
-0.009719316
0.296386294
-0.672513652
0.868285948
0.020246144
0.143445847
0.242953813
0.469186262
0.495716187
0.651602639
1.203877399
0.741883015
0.126383674
0.081621154
0.664522852
0.312004047
0.016518480
-0.592968573
-0.604544576
0.423454736
-0.076184892
-0.789298697
-0.111337012
0.928481537
0.263871462
0.737131976
0.626208093
0.187230981
-0.163326239
-0.447344336
0.293960062
0.159543454
0.142650252
-0.043750055
-0.856141962
-0.194322014
-0.510644283
-0.102346004
0.570295572
0.410882796
-0.412000259
0.427253934
0.409059601
-0.619499728
0.190310712
-0.199856944
-0.232911448
-0.547270629
-0.394513304
-0.105272808
0.196901917
-0.342694108
0.170354811
-0.401504530
0.108795235
0.551983049
-0.978322117
0.464402641
-0.154249005
-0.047151276
-0.426662945
1.267542578
-0.179966364
-0.312507117
0.929520235
-0.504187304
0.564434820
-0.863318464
0.184973848
-0.759087868
0.283394017
-0.452055163
0.000070659
0.219029512
0.991791634
-0.401043798
-0.574230643
0.580947598
-0.355256397
-0.627459234
-0.429873411
0.297448335
-0.471726703
-0.249923627
-0.033349430
0.226819295
-0.149355884
0.256196280
0.484268222
0.128390167
-0.113559669
0.492325299
0.027230712
-0.001720388
-0.106893131
1.103078034
-0.238570537
-0.413504861
0.342148505
-0.610298678
0.376681838
-0.081641176
0.218450886
-0.320753162
0.162818184
-0.094768490
0.824657181
-0.354172786
-0.547094316
-0.992321328
-0.310223115
-0.595951840
-0.010642506
-1.034027858
-0.464382191
0.113203308
-0.282405414
-0.244235446
-1.369632492
0.322018909
0.375713705
0.461611802
0.716780921
-0.533575549
-0.097631460
-0.006067124
0.298885115
0.543196743
-0.692003232
0.311565169
-1.014201121
0.246341452
0.445386218
-0.582164258
0.912956296
0.169047607
-0.420428063
0.423860474
-0.186118485
0.906256164
-0.087532832
0.149819515
0.563580846
0.173199143
0.465379829
0.391511630
-0.212451079
0.692800752
0.680257715
0.828205256
-0.597703043
0.849464632
0.478582081
-0.191673626
1.210004091
0.668468844
-0.615795607
-0.211352051
-0.329353821
-0.000614668
-0.600109267
1.132502360
1.214812431
0.068781757
0.235146039
0.522480987
-0.098668430
-0.280334685
-0.263380421
-0.163411090
0.630346273
-0.383518435
-0.093004837
0.779850203
0.282639352
0.192477450
0.448177866
-0.386865601
-0.462948005
0.047307169
-0.817181973
0.362078940
0.242907680
0.475898039
0.125285049
0.250141437
-0.239521958
-0.177440833
-0.410324157
0.326762535
0.796597523
0.537697250
-0.127478102
-0.173900675
0.625919388
0.068287461
0.270497377
0.028009900
-0.368525164
-0.051150596
-0.870136191
0.739688041
-0.505587891
-0.292998060
-0.574079300
-0.209513422
-0.462464055
-0.300477848
0.026004864
-0.559644973
-0.146275117
0.127352011
-0.543784258
-0.541181495
-0.294055799
0.770480277
-1.409671772
-0.239479831
0.625368391
0.528127608
-0.294207515
0.111173248
0.606024130
-0.752647324
0.072336441
0.172600540
-0.462283315
0.236710737
0.073908963
0.018043360
0.663695649
-0.395636090
0.080446482
0.519329302
-0.111790162
0.115356200
-0.463814911
0.340695908
-0.187753313
0.931109959
0.739524111
-1.282107788
-0.369755153
-0.367709743
0.903752817
-1.465706274
0.422242632
0.068623747
0.021552832
0.954012837
-1.057195895
-0.092089461
0.059641549
-0.046728136
0.761118461
-0.173867045
-0.793485670
-0.238038406
0.580809746
0.238504768
0.050899622
-0.231848260
-0.232578437
-0.431979917
0.190582506
0.570068045
0.161847732
0.189067388
-0.168894310
0.461588627
-0.106455846
0.521759830
0.163880477
0.155561000
0.447154797
0.193723322
0.542919448
-0.522333718
0.932800154
-0.707088551
0.941449035
-0.528234055
0.571295624
-0.634135830
-0.356012691
-0.100313636
-0.124630796
0.323881610
-0.501584113
-0.137461282
-1.454934124
-0.534798020
0.143347086
0.248577763
0.345773368
0.454100723
0.309209251
-0.076223584
0.193386267
-0.182375346
-0.163325035
-0.148030140
0.447337827
0.214557089
0.299553706
0.009860496
-0.609733897
0.523831109
0.103020857
-0.010693004
0.256058826
-0.211480651
0.679578536
0.080493729
-0.515539419
0.240733370
-0.095980739
-0.246526312
0.089575987
-0.300016565
-0.219658225
-0.046382232
-0.489279020
-0.465597486
0.380270365
-0.168489499
-0.140982321
0.178559015
-0.552366748
0.132513773
-0.527684195
0.087265397
0.768232209
-0.529005742
0.125187984
0.294608859
0.612189130
0.235457648
-0.731247549
-0.442567603
0.357163262
-0.747172202
-0.656750900
-0.288182894
-0.494835033
-0.621912520
-0.108341387
-0.147213447
0.564580381
-0.101176835
0.088352798
-0.466765305
0.029843600
-0.380807426
0.719753691
-0.257525460
-0.650104818
0.438277589
0.697403223
-0.229065742
-0.975011807
-0.165981707
0.402119919
-0.601231176
-0.081715273
0.091290404
0.190268271
-0.357137931
-0.006103223
-0.084119688
0.222468375
0.345437006
-0.851478255
-0.062198127
-0.285881082
0.382372770
-0.513023402
-0.633756024
-0.019072018
-0.844591209
0.126562345
-0.603660812
-0.729073284
0.628504635
0.965857914
0.034144639
0.439337342
-1.511970238
0.438746864
-0.660992612
-0.320719418
0.278181604
0.571141018
0.261821261
-0.079986227
-0.902239986
0.166081094
-0.109501559
-0.219565310
0.208588239
0.447681300
0.036192302
-0.002331181
-0.811567488
0.316752108
0.623691516
0.942209017
-0.648231380
0.515324896
-0.178205814
0.647212340
-0.641246842
-0.166804247
-0.313068283
-0.563714132
0.719659042
0.257480266
-0.322953043
0.365681216
0.083177963
-0.305873242
-0.853681560
0.109398597
-0.475596263
-0.546450860
-0.022412569
-0.843512400
-0.581698090
-0.228425654
-0.102342215
-0.331378590
-0.554267951
-0.146883110
-0.352145371
0.615454470
-0.236364546
0.875805334
0.358596594
-1.002163048
0.105773650
-0.342275785
0.074209651
