0.983193584
0.580213602
1.240567056
0.756624374
1.134978116
1.339312225
1.270563184
1.105224653
0.815364090
0.809583173
0.879794382
0.850086165
1.027949250
1.444637058
1.187210899
1.064967800
0.743989553
1.048358781
0.920461154
0.943828081
1.005204519
1.144656795
0.872865673
0.986202523
0.946546393
1.426957165
1.164967943
1.101674463
1.069493466
1.316115150
0.914623457
0.826377708
0.698463747
0.726784070
1.179157735
0.990632291
0.973176700
0.891630174
0.941871990
0.908973230
1.127565099
0.733286300
1.026237959
0.697535242
1.104315728
0.683586430
0.998826319
1.150191809
0.756719448
0.823009726
1.181651802
0.926183930
1.092846992
0.632242110
1.162139384
1.106640743
0.831487677
1.050065056
0.873067108
0.815188938
1.278248421
0.979352074
0.983541038
1.532971583
1.028911901
0.912671836
1.050243929
1.220468889
0.713993296
1.082710652
0.847093429
1.210796028
1.303786658
1.061721986
0.996008449
0.839917339
0.778565720
1.002569341
1.223610847
1.122989278
0.750179701
1.254911133
0.854652528
1.411178486
1.028991768
1.252164577
1.135967266
0.761476837
0.823444364
1.268726563
1.099750967
0.852210239
0.731401337
0.816681777
1.089552797
1.047047309
0.547124442
1.036402266
1.109536107
0.919815909
1.275792787
1.004778639
1.252658343
0.921322686
1.078622478
0.762973131
0.656484091
0.896986126
1.144935986
0.900342287
1.236476730
0.966552832
1.171707927
0.960745971
1.229854507
0.606479166
1.064695267
1.073932171
0.824439614
1.302833480
0.888511523
0.884645769
0.861403843
1.225284504
1.115448061
1.043503332
1.018530175
0.824054931
0.836733542
1.285831035
1.140583383
0.857628803
1.008949930
0.980161941
1.259712376
0.611782181
1.450558398
0.534753618
1.439382365
0.800192711
1.113507234
0.877171859
1.315398752
0.757832954
1.194362873
1.060580626
1.178940886
1.192848774
0.870900943
0.592683194
1.123234879
0.733359529
0.913983050
1.236811374
1.108081685
0.948248057
1.230658840
0.602990037
1.287150311
1.078485953
1.024726844
0.754430747
1.014244617
1.117357182
1.012853348
1.021733800
1.154533430
0.991593668
0.825113285
0.951333215
1.268268483
0.999529786
1.096165719
1.323180844
0.755987920
1.067660774
0.947833596
1.107118404
1.242393348
0.671987176
1.108417679
0.851010627
0.799356374
1.219834037
0.954694026
1.219087497
1.185702049
0.805287615
1.106059470
1.064774652
0.940527636
0.926370249
0.834164235
1.068909152
0.946408383
0.905954028
1.111058553
0.793620179
0.906023755
1.091322520
0.716586778
0.710386468
1.268314232
0.884699993
0.921010716
1.052801858
1.030891550
1.273370233
0.955435243
1.307058146
0.976394545
1.092049796
0.888711783
1.068705619
1.132497438
0.808512930
0.970850712
0.982190077
0.833403172
0.887565656
0.931455739
0.916252788
1.382486633
0.868890684
1.255451791
0.927968398
0.995711872
1.067531172
1.319442473
1.289212260
0.954010694
1.230627190
0.711045593
0.916898696
1.074315331
1.300480565
1.025387046
0.801707558
0.772558712
0.807595896
0.929696769
1.027757693
0.951482375
1.104885685
0.793654825
1.344219503
1.193093795
0.968387263
0.948232316
1.142246490
0.976018148
0.954851636
1.072561959
0.722169347
0.625283875
1.175470692
0.875645086
1.203064479
1.120704470
1.192403100
1.314355788
1.073960792
1.232005541
1.226172575
0.694939172
1.075930212
0.926428623
1.158438803
1.103644117
1.144909743
1.121673248
0.756206253
0.927307437
0.498876115
0.763500748
0.839476088
1.324422787
1.005423189
0.981793611
1.032443335
0.879969599
0.795300123
1.302273913
1.357064838
1.227824542
1.261528040
1.124130950
1.192225551
1.145252344
0.819336829
0.937328137
0.817591627
1.147898943
1.275963211
1.084535658
1.028857401
1.029767425
0.994971584
0.818665918
0.935112326
1.221815280
0.908955183
1.129438952
1.128238131
1.034702797
0.943175366
1.198235478
0.787327373
1.094493321
1.146598659
0.699286111
1.156744491
1.139672541
1.159769445
0.963647295
0.858713645
0.758766798
1.020268206
1.035207522
1.274153342
0.834562805
1.096958924
0.863079891
0.912899095
0.908591271
1.107468816
0.958967894
0.777018661
1.402082731
0.816732697
1.079825853
1.100424387
1.005592313
1.074580317
1.145164450
1.372481657
1.140363202
1.229606045
1.121143146
1.006016388
1.222709763
0.763147150
0.875107712
0.932957209
1.039575657
0.715502022
0.846576049
0.891158379
1.133673580
0.567735977
0.668070320
1.003181296
1.048132093
1.188796893
0.722757001
1.281256466
1.244332713
1.256418479
1.087276317
1.451932667
0.822522747
0.897802083
1.118905561
1.096322526
0.879374405
0.997088258
1.120912879
1.013516640
0.974218752
0.715600344
0.947848495
1.085634325
1.223900558
0.981240203
1.161497670
1.060325364
0.877619823
0.934729810
1.060542323
1.025935557
1.374073184
1.057511671
0.721825767
1.190624078
1.175396947
0.843251234
1.060975552
1.058024601
1.032251260
0.984064960
0.737529568
0.989850300
0.775465277
1.037285276
1.096215105
0.963563283
1.064022081
0.837510693
1.169311003
0.959290408
0.899397338
1.326094487
1.038007751
1.176440588
0.918300295
1.091475034
1.192820925
0.701445579
0.952199093
0.937513883
0.765060736
0.718509304
0.762910277
0.779541261
1.527872064
1.044608568
0.780971014
0.970428468
1.138669291
1.127684688
1.338226579
0.576974431
0.868175746
1.267260031
0.888933765
1.392274146
0.730848325
0.788815137
1.041761084
1.298805267
0.920020043
0.934766832
1.106511277
1.159540845
1.156398034
1.122199152
0.757688970
0.741867007
1.331606177
1.194744934
1.084338321
0.693086034
1.174274063
0.607043844
1.139137305
1.122914660
1.102941624
0.803688152
0.782294119
1.009856329
0.980125558
1.419339888
1.096456413
0.785735478
1.168589596
0.806887933
0.837387609
0.817431008
0.606465696
0.866677583
1.394625954
0.897559829
0.869372288
0.893963446
0.982600159
1.055256907
0.743912841
0.875840501
0.729867548
1.242545735
0.598624125
0.986782714
0.992352510
1.267082056
0.871171368
1.207885602
0.914164112
1.100573522
1.038744425
1.130565108
1.136239851
0.824428640
0.788587535
0.935577579
0.822535929
1.035824076
0.621501250
0.909092922
1.078078123
0.833125634
0.805858939
0.777104921
0.919475815
0.965345695
1.085785669
1.125843542
0.828983470
0.777989270
0.882526317
0.656023071
1.397245784
0.803665108
1.303195878
0.882686466
0.826850690
1.103306513
1.156965404
1.219172559
1.246295758
0.854566409
0.752924631
0.996016758
0.923470839
1.155162501
0.939619212
1.151135666
0.903106814
1.002760029
0.858142124
1.094253700
0.944455553
1.101199783
1.115325298
1.017557026
1.180546019
1.039739735
0.677984033
0.866465467
1.032552455
1.075369380
0.778377617
0.817302705
1.108750294
1.283873714
0.935530639
0.927459545
1.035355417
1.002561102
1.089897166
0.600560644
0.813856203
0.781534522
1.047225356
1.106237051
1.329690692
0.812016811
0.854010508
0.896646811
0.981406266
0.832224792
0.555680755
1.003635969
0.890462059
1.266017100
0.973748721
1.109250447
0.549463046
0.990687522
0.936088401
1.028556120
0.661320039
0.883586701
1.170868256
1.003783946
0.824548780
1.249910114
0.797846412
1.131127130
0.893725831
0.852849261
1.205773507
1.261601968
1.012627799
0.810775903
1.180801446
1.008902248
0.934667242
1.223130368
1.013671293
1.031663156
0.969419054
1.014498379
0.940557172
1.139091648
1.263240935
1.413262281
0.965060591
1.177069773
1.283947509
1.279721615
0.951775076
1.111590088
1.010752158
1.179067457
1.048715516
1.121032277
1.182475501
0.991056076
1.360057918
1.407421967
0.851342160
1.072399620
1.338395156
1.319611943
1.038346268
1.074780134
1.533222400
0.618582410
0.915409356
0.815656182
1.145568354
1.077260366
1.146817206
0.979780248
0.850899258
0.938540298
1.127630008
0.846680975
0.904269921
0.844971110
0.832266178
1.385247049
1.067501977
1.011088570
0.976816204
0.797513354
0.964102782
0.929124703
0.882756819
0.677276505
0.864101307
1.060846759
0.757355581
0.743045397
0.840818282
0.880739556
1.121186972
0.886724112
0.617823595
1.158014868
0.725046410
0.933082252
0.970229783
1.046433065
1.173155703
0.929817211
0.957437283
1.255618607
1.018924105
1.311227963
0.870705998
1.129969505
0.933377396
1.242107705
1.074653364
0.723667746
1.100021263
0.767973150
1.022199425
0.953104576
1.015856154
1.096163584
0.848681243
0.929174610
1.142668282
1.002393506
0.722891146
0.876094004
0.993725756
1.092277990
0.850113711
0.761256480
0.817479131
0.849485134
1.176092450
0.880022024
1.011426473
1.307922356
1.106480589
1.055334681
0.928229723
1.047126937
1.370918769
0.932429103
0.656938219
1.177105020
0.767979483
0.644658638
1.001211115
1.156502523
0.515095562
0.798813959
1.040511725
0.913193531
1.143378248
1.362792394
0.551328295
0.970387592
0.898797900
0.836840345
0.694425292
1.214190301
1.072722210
1.030403529
1.161246131
1.060534978
1.104977883
1.057272320
0.829793596
0.693360731
0.853042530
0.958041023
1.071911044
0.809475586
0.905475198
0.964169584
1.195767236
1.162595655
1.259862701
0.711200600
1.264383810
1.039387318
0.696251501
0.517093247
0.844127099
1.001114993
0.783902796
0.929772391
0.860436911
0.789538663
1.413306981
0.949274975
1.098049171
1.003050404
0.756554858
0.646881588
0.986972663
1.077836095
0.805760560
1.027341700
0.924645793
0.851391858
0.984571743
0.480755443
1.027532078
0.844714435
1.304006478
1.136809292
1.462951498
0.962819508
0.893508240
0.772749671
1.071290811
0.817574472
0.895957516
0.893433422
0.469990789
0.896577964
1.100239533
1.141861702
1.027908007
1.262818933
1.008976903
1.129609253
1.032138498
0.979146658
0.638510848
1.003549648
1.062209312
1.023433601
0.843177585
1.100727423
0.810470495
1.296227412
1.012524482
1.034515647
0.893905014
1.067604550
0.970402299
0.723170144
0.857630313
1.026893133
0.805385330
0.769683130
1.022612239
0.764207657
1.134283695
0.934573237
0.771164579
1.194169172
1.187222439
0.875783103
0.595748136
0.828615188
1.137372819
0.635049017
1.051751838
0.913688634
0.955078348
1.089179499
0.962720311
1.079842484
0.952756779
0.962557083
1.018195122
1.086503992
0.707170507
1.154543864
0.719372758
0.942710608
1.056839076
1.260508805
0.903373655
0.892367998
1.175620295
0.914400872
0.793219281
0.665159052
0.895255646
0.963526870
0.984481789
0.602638787
1.019825403
1.014299062
1.130485498
0.965380376
0.832655970
1.169036988
0.984152765
0.885816110
0.998192323
1.056660927
1.148057939
1.394169940
0.678319531
0.935316750
1.340503586
1.361625578
1.279012786
1.153578673
1.182183531
1.057680381
0.394548544
0.930455127
1.008754144
1.122858634
1.226456870
1.180656395
0.940471696
1.159454144
0.721103117
0.981248927
1.463273289
1.117279779
1.293673094
1.220918517
1.161058252
1.041407007
0.945534258
1.027228361
0.906095959
1.186964626
0.992841400
0.952153060
1.299677193
1.055926288
0.752112964
0.982939348
1.157933930
1.336402543
0.991884333
1.225516930
0.859816779
1.291242483
0.787278109
0.869514377
0.761915438
1.184083632
0.791880074
1.335697422
0.996424478
0.932118734
0.842802771
0.845326917
0.997516499
0.950959171
0.573463519
0.869151279
1.260262838
0.904819324
1.003198257
1.268598875
1.137228055
0.728149479
0.608244518
0.875473795
1.032140893
0.877926076
1.325822812
1.237299521
1.241583857
0.867388137
0.853741143
1.054207964
1.111394496
1.097280388
0.922545813
0.990667406
1.226117183
1.218615882
1.034559507
0.909941837
0.861377802
0.794685954
1.123464225
1.246734936
1.301308807
0.932482415
0.512305589
0.618323200
1.162079275
0.661946639
1.585581240
0.919774675
1.162819651
1.356437234
1.276401331
1.142786878
1.051767817
0.921405946
1.213886831
0.959953943
0.978159752
0.791818814
1.129443735
0.955520723
0.824658317
0.649959066
1.049103269
0.991052442
1.026546873
1.032229488
1.024042731
1.176206499
1.221380734
0.627214998
1.018176115
1.123085540
0.955096403
0.965556021
1.033817162
0.972181016
0.791814188
0.949100143
1.268235452
0.860634687
0.784645635
0.987791332
1.136479938
1.033946796
0.856493190
0.885418630
1.118933072
0.972898537
1.256550586
0.647011250
1.066599917
1.066768619
0.527491963
1.212602037
1.177062364
1.233717694
0.993575382
0.869602214
0.730694452
0.442434850
1.014733668
0.932562246
0.952334188
0.763225168
1.029456518
0.659466432
1.194573283
0.708529881
0.858731681
0.821527158
1.014374592
0.757712542
1.253673912
1.229647237
1.061354946
1.338741846
0.857206873
0.982953401
1.232852484
1.342883760
1.037112935
0.618143460
1.237176182
1.199872649
