-0.022375278
-0.038431799
-1.630776533
2.326094691
0.579890764
0.257212485
-2.310568116
-0.361244434
-1.906654160
0.243621448
1.521652641
0.340903072
-1.608428062
-1.504541551
-1.477316037
1.252261108
0.337943168
0.505235724
0.071657492
-0.374385922
-2.193793501
-0.560770912
-0.389464615
-0.152463240
0.953209218
1.343455607
-0.844966571
-0.431160357
-0.617534223
2.239858825
-0.039905222
1.148615452
0.610893394
0.670274310
-1.187934271
1.940530924
-0.509231367
1.539460903
0.697957816
-1.377874844
-1.657297271
0.057027602
1.409164154
-0.126432466
-0.668996848
0.080073123
-0.951845959
-1.635195715
-0.868812212
1.498902768
-0.838880259
0.858247506
-0.745954888
0.009844864
1.684806553
-1.520031769
-0.578799631
0.234859411
0.063644814
-1.690786246
1.656801045
0.185215594
0.681553746
-0.288079895
0.559947888
0.378496870
0.014880583
-0.543401447
1.067587322
0.334735719
1.147532315
-0.640991017
0.621018231
0.528002904
-0.072440195
-0.089129990
1.060770390
0.724388972
1.437780782
0.478006949
0.981067307
-0.209602478
-0.249453766
-0.364261658
-0.788489483
-0.018869577
0.377754168
0.401576842
-0.346878417
-1.280897734
0.317464453
0.212050754
-0.520588592
1.190075685
0.034890236
-0.239620716
-1.178814297
0.819939350
-0.979656625
0.770330534
0.674518562
0.664542745
0.306609492
-0.005740398
-0.536736134
1.000787335
-0.454313918
-0.049808168
1.436848262
0.343275119
-0.539065636
0.010981064
-0.586195102
-0.904432151
-0.916852953
-0.046128786
-0.972247450
1.404702091
0.321418919
0.919082830
0.005746764
0.606252625
0.556924354
0.577464976
-1.114049168
0.927002693
-0.297854234
-1.909893008
-1.158193889
-0.379351557
1.503502521
0.118430607
0.340529288
1.397604577
0.161536217
-1.572701507
-0.488535090
0.303773959
0.268188500
-1.252993400
0.426862848
-0.244155507
-1.858676632
1.032783266
-0.769692407
1.911616490
-1.807972081
1.897750997
-0.340032027
0.978397019
-0.081303409
-0.739663591
-0.190871338
0.226792522
0.203735997
0.328246257
-1.724773610
-0.022718643
0.107523185
0.428661423
1.473618581
0.333756909
0.730853160
-0.232966840
-0.597550314
0.930583374
-0.522716979
-0.305414559
0.090912881
-0.328999875
-0.391443076
0.587671768
-0.647502913
0.767836888
-1.419624563
-0.221008845
0.487862758
1.043666049
0.793843470
0.309392719
0.555837705
-0.665416226
0.044939843
-0.672671790
-0.520303249
0.266525938
1.631428127
-0.962794470
1.929717872
0.136237945
-0.026677048
0.217982029
0.229758497
0.015672585
0.071826527
1.255333339
0.256101218
-0.175297457
0.409693179
-1.474905513
1.021782905
1.228938337
0.820992371
-1.289543314
0.925078986
-0.243296355
0.094178822
0.958541669
-1.438540556
0.884699197
0.869333170
-0.073395585
-0.833145948
1.527993885
-0.730043203
-0.036731461
0.374630876
0.286078649
-0.220851172
0.706888220
0.739742136
-0.148248423
-1.220723946
-0.559856654
-0.899640672
-2.120588692
-0.189302576
-0.478393407
1.579574786
-0.297175715
1.241254964
-0.598988811
0.365644124
0.497096310
-0.357896427
-2.728450328
-1.984712412
1.433542175
-1.275832891
-0.304942390
1.226126035
-1.075947135
0.866191393
-0.775239273
0.329906968
0.745067922
-0.079722598
-0.060981411
0.760461801
-0.842591072
-0.537606971
-0.441878791
0.350610174
0.553516672
-0.091153877
0.723299069
1.083229475
1.163653427
2.209185224
0.323709380
-0.070527056
-1.266313064
-1.419551536
0.969198561
0.873607550
-0.977409134
0.198100806
0.824787786
-1.350664920
-1.350482211
0.218405321
-0.646269840
1.041321844
-1.058276100
-1.810810606
0.201832658
0.554936613
0.468785259
0.589457627
-0.151252127
-0.938718948
-1.062965481
0.745034446
-1.068807574
-1.464461077
0.124250892
0.466503987
-0.806377177
-0.078500787
0.550351816
-1.022623164
1.119716930
-0.324211001
-0.102676725
0.198172805
1.523714668
-1.373156742
0.620755472
0.011943179
-0.919894841
0.780971956
1.022493608
0.845432278
0.470487214
-0.961927820
-0.153617538
0.710320724
0.698411532
-0.974330083
-1.001739534
-0.469603074
-1.028958402
-0.789574684
-0.334334964
1.504426181
1.428167710
-0.414624533
0.138414712
-2.132634076
-0.097406112
1.298822997
-0.096228200
-1.713281193
0.750281535
0.104598009
-0.563839961
0.434139355
-1.166495962
-0.533038712
0.242701496
0.506760500
1.885873406
0.605226913
1.493889301
-1.314372472
1.361967809
0.034706079
-0.309216248
-0.629601749
0.246060210
-0.465595481
1.369152186
0.373141370
-0.337869037
-1.874389963
-0.356393165
-1.151134207
0.210151240
0.788224607
0.633712658
-0.292441548
-0.857393264
-1.149510837
-0.486587676
-0.875234325
0.976269480
0.265383694
-0.914928139
0.918534582
2.025507663
-0.099069527
0.149988724
-1.189785147
0.222642180
-0.185649622
-0.176362434
2.041110248
0.863866840
-0.065090244
-1.338442032
-0.802414046
-0.873421161
-1.972310007
-1.623960481
1.833523358
-0.546083983
0.316129272
0.864957968
0.806207029
-1.785439868
1.018489642
1.082049592
1.460329299
-1.893286958
-0.145421032
0.794143115
-1.488282001
0.591494062
0.906053945
-0.922204314
1.433294371
-0.086462783
1.363574055
-1.097731179
1.241256644
0.806917967
0.046100139
-0.155320052
0.758713604
1.555479173
2.003201318
-0.015758580
0.836251336
0.349105444
0.175977247
-0.713836658
1.463672885
1.782339940
0.083555855
-0.044695018
1.020421038
0.790626978
0.559898768
-0.104447557
0.295613460
-1.242761977
-0.897725943
-0.773327842
2.001623035
0.132606748
1.038381348
1.930342966
2.105842942
-0.897920662
-0.723449528
-0.059819221
1.467120371
0.320138185
0.589552155
1.298573453
-1.249856744
-1.556802124
2.867827833
-1.432259027
-0.504103511
-0.555322977
1.616640798
-0.820496390
2.049227790
-0.259460280
-1.027586858
-0.182373844
-0.063194885
2.330842462
-0.534013012
-0.287973513
-4.354890294
0.311249264
1.297989642
2.280154946
0.674607983
0.854333170
2.358728559
-0.545832289
2.134283583
-1.568011543
-0.481149579
-2.530403302
-1.044595013
0.833801276
-1.294524753
-0.331953675
1.469614855
-0.129865160
1.452171695
0.274149788
-0.170537691
0.041410117
2.644241132
0.059816223
-0.965477463
1.275095372
-0.905689439
1.232730044
0.546976641
-0.462006678
1.302293216
0.672408815
-0.057877992
-0.748432930
0.672225908
-1.757734268
-0.858933447
0.234076495
1.267205205
-1.732223587
1.257058718
-0.308199240
-0.322170859
2.134338785
-1.991273245
0.724939005
-1.212797709
-1.350199916
1.285519370
-1.392317184
0.236851527
0.863111019
0.155878039
-0.386121068
-0.747230762
0.061072858
0.193024237
-0.445791262
-0.400354744
-0.806318924
0.447001177
-0.611882623
1.472296560
-0.729906091
1.323390804
-2.169373908
0.643877760
0.519403208
-1.237791905
-1.920174115
-0.674587704
1.494628571
-2.020130843
-0.671311422
0.105357381
0.728447403
-0.906697446
-1.185421126
0.646823175
0.459859800
-0.363936413
0.245314896
-1.258755810
-0.248710878
1.953809250
-0.540840788
-0.319217033
1.161597285
-0.847556732
1.549899009
-0.539468011
0.586738625
-0.749859770
1.195948025
0.029714484
-0.658604431
0.776709670
0.740086372
-0.713460133
1.577904687
1.261694787
0.453463613
-0.244629050
0.332180637
1.074344808
-0.312211355
-0.236387901
0.540219171
1.191294321
0.539521043
-1.198308728
-1.007768211
-0.000984628
-0.357182074
0.540191885
-1.085888655
0.827189160
-0.722644103
0.074458455
0.784623292
-1.252456924
0.087901898
0.430515243
0.734234217
-0.131152264
-0.051538908
-1.116920928
1.232905152
0.384937979
0.850271315
1.676196056
0.794808738
-1.384007928
1.629614797
0.437691629
-0.851193775
0.400283864
0.804665355
-0.421720024
-1.116300576
-0.945664872
0.520474038
1.823365745
0.761185578
0.987800808
-0.051879434
-1.205880820
0.939609740
0.714309864
-0.619571765
-0.382663099
-0.041586357
1.758517987
1.431056217
0.758025044
-1.422407848
0.986018451
0.773398635
0.415417775
-1.268159759
0.090930005
-2.918056715
-0.858957956
-0.306788724
1.906141633
-1.031992548
0.093960137
1.115811315
-0.297351606
0.841232544
0.797840014
-0.022184003
0.468368445
1.668279826
0.096203517
-0.398556709
0.550109111
1.320436002
-0.914415781
-1.157245089
1.597980375
-0.353340146
0.374367583
1.455081511
0.840945331
0.187568359
0.455844421
0.427679064
-0.353295904
0.760172975
-0.584984297
-0.167111808
1.791403303
-0.348713431
0.792124580
2.229719640
-1.122016628
1.687473115
0.489507442
0.260592175
-1.494104551
1.354544410
0.214196281
1.082958478
-1.297493457
-1.642442359
-1.536854641
-0.746516070
1.519606412
0.534885417
0.242958386
0.208035951
-0.392822936
-0.502109864
1.298879015
1.051763358
1.291918991
-1.015064049
-1.004898142
0.154523708
0.781533993
0.995059564
-0.905057989
-0.947191197
-0.415081275
0.557244926
1.584598330
1.349896008
1.010826089
-1.128036302
0.276138963
0.194892750
0.532394108
0.594803431
-1.041645280
0.526555485
-1.549616372
1.776526245
0.733454094
1.888913578
-0.343541976
-0.271588615
-1.028108370
-1.092641041
0.084995652
0.002363091
0.415081353
-0.451786799
0.209661105
0.488148615
-0.420530720
-1.507955524
0.990416607
1.135429175
0.730833771
0.648973900
0.165610244
0.202735093
0.309947389
-0.257809572
0.949607225
-1.570669437
-0.720836481
2.520404213
0.877416034
0.080449562
0.999077869
0.414347447
0.937945075
0.570817913
-0.370183528
0.125595930
-0.703826248
-0.411322149
0.414601750
1.370874098
0.282484494
-1.017790896
-0.555134477
-0.397621171
-1.509045216
-1.188954880
0.047066393
-0.047072274
2.261947746
1.034561318
-1.986032614
1.263494587
-0.049243761
0.104256347
1.081253954
-0.359513199
-0.533250588
-0.621017266
-0.044235864
-0.493508789
1.573868883
-1.049432774
-0.554881045
0.181539838
0.567903440
0.748347575
-1.120613684
-0.544199970
-0.256969513
0.528930226
-0.258646197
-1.844950844
0.997005496
0.136135670
-0.605206110
0.264364006
-1.682390911
-0.312410526
-1.280973300
0.556172010
-0.346006808
-1.335995352
-0.826596831
0.768077654
1.018549761
0.777959727
-1.005202398
-1.263422275
-0.275919968
0.387268702
-1.327588663
1.468881432
0.601383932
-1.979320229
-0.394081040
-1.327571452
0.432812543
0.437662786
-1.433200492
-1.809493094
1.033124571
0.741884828
1.500157638
0.785864818
-0.089901992
-0.283927945
-0.232161186
0.419242723
-1.225488991
0.031446761
-0.244104332
0.481926305
1.420376233
-0.383724325
-0.283709592
0.155338346
-0.718979898
-0.535638175
1.606479986
-1.014313112
-1.037560218
0.286803553
1.707612133
0.644048959
-0.309693289
1.965718009
0.436940558
-0.651705338
-0.383247147
-0.748466352
0.049669589
0.163435174
-0.372321091
0.696019715
-0.453845384
0.619996681
0.327773041
0.386145365
-0.084081760
0.082146191
-0.918657995
0.681817175
-0.876742416
0.785569896
2.064288833
0.686581890
0.009785393
0.664920158
-0.299213178
0.394441221
1.194902739
0.247303925
-0.414892204
-1.758102637
0.138988630
0.054421171
1.154440184
-0.612101569
-1.053276268
-1.475007033
0.918635308
0.863910212
0.828328968
-1.576879437
-1.346931957
1.196653056
-1.662171284
-2.596777632
0.744655173
0.305152399
0.722019063
0.909322229
-1.069088105
-0.107932227
0.955997410
0.373807571
1.098696034
-0.938683200
1.022026273
-1.175041830
-1.270375209
-0.384728527
0.767420315
-0.551075279
-0.166748429
-0.724482133
1.432604628
-0.773322876
0.219022504
-1.249014029
-1.386891158
0.882634958
-1.906084723
0.989911965
0.659784266
0.401167907
-0.021655251
0.452205923
1.523386187
-0.238396475
1.032615634
1.195519015
0.875437317
-0.328141164
-1.310000579
0.144305358
-0.033609281
0.835434585
-0.967346697
0.575096435
2.336377737
-0.891130803
-0.690750471
-0.047201333
-1.722909765
-0.093046609
-1.520883986
1.534233621
-0.228022357
-0.013661579
0.567828411
0.639022706
-0.863025855
-0.201064465
1.236495716
-0.275617793
0.633664151
-1.440580668
-0.533191485
0.276778103
-0.904626140
0.413810070
0.864584772
0.397156201
-0.349166337
-0.968543648
0.108265579
-0.004738531
-0.499698989
1.233405981
-1.243995478
1.146781602
0.754615984
0.651676195
1.816473024
-0.758076380
-0.359565588
-0.944967834
-0.660522679
0.484192968
-0.601518826
1.472895324
0.088533404
1.472424255
-0.121607701
0.309017327
-0.529110382
0.284174731
-0.020996141
-1.005084561
-0.254631291
1.670905499
-0.406381929
-1.008880466
1.549545768
1.840073976
1.146527143
-0.473754555
-0.019979808
0.505268960
-0.069023936
-0.196982084
-1.922496186
1.119527532
1.065715419
-0.078651253
-0.453872716
-0.903351072
-1.914752031
-0.917230757
-0.339654643
-0.391069929
-1.629443403
0.438053547
-1.920441401
-0.394765060
-0.806363902
0.887756511
-0.398923190
1.722173466
0.293109207
-0.304713487
0.266751763
-0.019108289
0.935563440
-0.980557708
-0.846971799
0.559136968
-0.041608478
0.510190873
-0.607811306
0.335715764
-0.720562564
-0.161934584
-0.596476404
1.461189505
-0.373836894
-0.404457529
0.437098268
0.367376456
0.054766535
-1.151249641
0.713499364
-0.916125265
1.287058283
0.052439981
1.115447454
-0.352078730
