-0.175733195
1.055507185
-0.226654483
0.934382767
0.391969126
-0.286981917
-0.718616295
-0.443682916
0.718506340
0.170207054
-0.103295444
0.028504048
-0.213141291
-0.387508351
0.597855320
0.258502506
0.378140392
-0.786076763
-0.044762923
-0.139941767
0.675515702
-0.403449236
1.231368356
0.909851703
0.108660269
0.226092220
-0.358563839
0.013977180
0.931281245
-0.576278254
0.211174325
-0.084521190
-0.245347836
0.626618793
-0.070323501
0.400719731
-0.629138898
-0.282541040
0.014742811
0.012367926
0.030566536
0.395314003
-0.377465345
0.161505903
-0.069899438
-0.570186684
0.289593720
0.486708929
0.216897526
0.508340594
-0.110997798
0.125673911
0.371526601
0.284809524
-0.603408569
0.984224171
-0.235590083
-0.416343030
0.107160899
0.609838133
0.990120668
0.142671978
-0.666685220
-0.030650756
-0.325194709
-0.050121469
0.532412985
0.175090516
0.831888790
0.791330607
0.390594267
-0.764279605
0.513953503
-0.046622570
0.803930362
-0.512954205
0.595949712
0.484054685
0.751799036
-0.062512185
0.197623206
-0.650952268
-0.341417932
-0.776594021
0.027849327
0.278007541
-0.466043183
0.325184173
0.205201236
0.683799458
0.094658034
-0.354963715
0.085431394
0.081092785
-0.116381521
-0.496649859
0.107158759
-0.631704023
0.842515418
-0.350897974
-0.141301580
-0.412636179
-0.479014417
-0.753763975
0.616899035
0.476586399
0.188215981
-0.199693089
0.681419796
0.803892395
-0.002834365
0.727421261
0.717554630
-0.068524035
-0.338579447
-0.392708218
0.028283177
-0.850308902
-0.300745136
0.587347087
-0.983645126
-0.422423626
-0.394629866
-0.079188403
0.239732527
0.422244704
0.211586263
0.337181934
0.413864704
0.819501096
-0.427970835
-0.547380725
0.252972046
-0.012347026
0.775205634
-0.087239252
0.599869060
-0.020845194
0.310515882
0.867591340
0.177582853
0.156866965
-0.012401071
0.933449016
-0.528357630
-0.100317372
0.345118045
-0.720092942
-0.217069419
0.452237857
-0.844019754
-0.267707544
0.156205099
0.758570876
0.044060926
-0.746893968
-0.397409075
0.300989224
0.265713612
0.156133002
-0.514849055
0.075928082
-0.365577647
0.052199420
0.436466949
0.024176305
0.450976839
-0.483052187
0.567036503
-0.034385589
-0.260458170
0.143770544
-0.586057532
0.083315352
-0.167898469
-0.036018885
0.213835420
-0.234437879
0.517310688
0.038851164
1.170983302
0.666617802
0.548426387
0.131599147
-0.401807494
-0.086080585
0.276563061
-0.242862234
-0.872601137
0.238293102
-0.147062898
0.390111792
1.027337558
-0.219166597
0.162790826
-0.668990146
-0.907480007
0.526670155
0.708769222
0.006052657
-0.152208687
-0.152367029
0.895400275
0.055713321
0.173256114
-0.556754439
-0.575284712
0.231079048
0.784283054
-0.642785095
-0.462194561
-0.075980134
0.328469248
0.551895770
0.284936983
-0.128908416
-0.164197474
0.541591222
-1.061091467
0.323738558
0.580551619
0.399673956
-0.395263557
0.837998185
0.245458828
0.028109362
-0.504153400
1.095441666
0.424197452
0.368537128
-0.893213543
-0.513264232
0.022534074
0.451691823
0.581864280
0.854873147
-0.437511267
-0.678709246
0.348682239
0.502789235
-0.839348662
0.055501311
-0.062494098
0.483721029
-0.340777374
0.201964463
-0.796488328
-0.329874436
-0.730910480
0.139619640
0.926814434
0.303204499
0.812244637
0.182968308
-0.310886770
-0.258560022
0.675495553
-0.676834806
0.436967174
-0.959090961
-0.700375066
0.815128814
0.354573702
0.316940708
-0.356856412
0.300810773
0.070333975
0.340121304
-0.415274664
-0.455419752
-0.261174572
0.299452200
0.060163651
0.028258198
0.535233421
-0.030907732
-0.661145700
-0.097671919
-0.754251291
0.510809543
-0.217211716
0.412297008
0.286409049
-0.152101415
0.407551991
0.851762061
0.089455112
0.354930295
-0.420684831
1.240530092
0.636099617
-0.109517319
0.107647511
-0.337587968
0.737540023
-0.665141866
0.295298768
-0.228426885
0.412224080
0.335239847
0.012328429
0.232307313
0.761731601
0.371782526
-0.395926618
-0.510520365
0.574699569
0.080191450
0.521359221
0.327726848
0.058546288
0.418907126
-0.366639344
-0.258909671
0.687029069
1.064581485
-0.114628575
0.024031277
-0.875021583
0.029030895
-0.840577972
-1.185172402
1.112889204
0.367137745
0.480564046
0.845066650
-0.041400933
-0.952140345
-0.373658195
0.937507652
0.137992010
0.081849246
-0.099472368
-0.478223141
-0.096005478
0.067827494
-0.530642582
-0.351235167
0.280166604
0.663000271
0.570533477
-0.345729928
-0.276470501
-0.179470217
-0.220929594
-1.030508708
0.193115475
0.141245419
-0.333491310
0.812264796
0.126588434
-0.093284653
-0.045149699
0.740638619
0.627159527
0.231983088
-0.264032303
0.267333224
0.453295097
-0.312623425
0.665238873
-0.227917664
-0.045276427
0.136762525
0.251730134
0.186102013
-0.215885443
-0.227705689
0.182218350
-0.010624893
0.599274475
0.965727007
-0.191650161
-0.858243170
0.704414626
-0.351285560
-0.552251035
-0.944789472
-0.193474542
0.196870528
0.448507573
0.948324705
0.266751283
0.362273976
-0.674966900
-0.588916289
-0.537006766
0.327185080
0.226549763
-0.482860227
0.072802560
0.925918864
-0.389700606
-1.189410753
0.579790219
-0.159933783
-0.104117430
-0.005660546
0.191240386
-0.073438764
0.584885460
-0.125386304
-0.595055487
-0.365521710
-0.177004081
-0.799563159
0.315149998
-0.455011307
-0.346266406
-0.305161656
0.132354770
0.272124235
-0.104782259
-0.046320722
-1.537350394
-0.056307549
0.246561932
-0.810322973
-0.402517061
0.225298183
0.496725287
0.073277077
-0.047611602
-0.404896507
-0.477861664
0.016298730
-0.107477804
-0.016214995
-0.081490441
0.112564118
0.680754909
-0.547789069
-0.543471532
0.090322626
-0.148409101
-0.131614471
0.195350656
-0.078174702
0.882091777
0.189174797
-0.609129362
0.330146648
-0.353813422
-0.459436925
0.087433586
-0.575328354
-0.372714698
-0.645697684
-0.503508179
0.498544551
-0.020472202
0.413476286
0.541547411
0.962405123
0.150250932
0.161866011
0.051833917
-0.146117464
-0.302200418
-0.326010780
-0.062482515
0.621433079
0.927083178
-0.285615615
0.477889923
0.512870695
0.061880162
0.483148382
-0.127111995
-0.623128829
0.324619791
0.184256554
0.757835204
1.351130422
0.246440049
-0.155641915
-0.171474139
-0.406950920
-0.744448430
0.075749697
-0.433442737
0.243663656
0.787879004
0.271943720
0.907038477
-0.466282383
-0.352163214
-0.691547085
-0.681857078
-0.510197224
0.618575903
-0.079474386
-0.094805387
0.674918028
0.504708673
0.040876295
0.709096764
0.440139818
-1.334976148
-0.192651187
0.069810099
-0.462018467
-0.430606814
-0.298960897
-0.287450784
-0.309227087
0.155633483
-0.764013580
0.855283945
-0.551933678
-0.534746928
-0.060858590
0.360053287
0.093009121
0.275104060
-0.146998352
-0.272473913
0.491853049
-0.063528485
-0.687195712
-0.465930784
-0.259599138
0.156080248
0.039242558
-0.165620921
0.225051020
0.065500348
-0.370700989
-0.361306626
0.949128049
-0.289541253
-0.292459710
-0.085784666
-0.167513916
0.096313760
-0.476693229
-0.096939585
0.272059615
-0.432199072
-0.486835748
-0.083577447
-0.017051606
-0.699916641
-0.443292870
0.075748135
0.289668492
-0.042918864
0.410600100
-0.507573988
-0.969067224
-0.817311787
0.313263902
-0.796865768
-0.000400559
0.757270673
0.186613541
0.569618358
-0.024478823
0.740552315
-0.107460042
-0.631922560
0.117199449
0.665515771
0.272092258
-0.167744219
0.084826627
0.044276222
-0.333835964
0.134879327
0.126703670
0.755873905
0.496832974
-0.153406679
-0.887384668
0.158962209
-0.215772490
-0.562897074
-0.537219069
0.013363875
-0.339532482
0.187483010
0.319868704
-0.172613563
-0.661820730
0.410871817
-0.766062818
1.026495423
-0.542968196
-0.030204981
0.422876112
-0.225298664
0.276402704
-0.585552855
1.228286016
-0.506349376
-0.460376363
0.088974703
-0.070276260
0.336551052
0.203410584
-0.061515592
0.529929624
0.242334072
-0.058852570
-0.020788839
0.355581213
0.813319571
0.432847540
0.095330440
-0.364533514
0.606103471
0.599258548
0.534640042
-0.324056034
-0.666112299
0.549665205
0.038026008
0.124335516
0.101398921
1.025074656
-0.638278556
-0.264515532
0.258962579
-0.430862601
-0.278429055
-0.042555440
-0.467630680
0.419657044
-0.675778212
-0.262886839
0.331435671
0.278517651
-0.105085679
0.623500622
-0.440767795
-0.006576961
0.036932300
-0.054141833
0.818311372
0.112371171
0.483092585
-0.545570347
-0.517676093
-0.218677452
-0.148539517
-0.449921519
-0.005319034
0.359020718
0.342662993
0.125455963
-0.028815642
0.222228997
0.127384315
-0.191546456
-0.059766527
-0.193372031
-0.945852816
0.656051194
-0.209918531
-0.304108687
-0.019457620
-0.392976284
-1.078462060
-0.148469456
0.504680938
-0.767606867
0.486003320
0.581802104
0.016664306
0.507894829
-0.456843270
0.322285799
0.748082526
0.728249632
0.214980243
0.624753732
-0.133372025
-0.209795625
0.156545872
0.206192837
-0.518901932
0.016641713
0.312584443
0.136073243
0.329676699
0.989548415
0.169707692
-0.253184793
-1.377459426
0.241914582
0.391355919
-0.177544498
0.157403626
-0.526382602
-0.046689657
0.219437346
-0.096076096
-0.058719842
0.093219776
-0.094246743
0.694549518
-0.520843240
0.203834161
-0.099163991
-0.080295117
-0.267301227
0.499376142
-0.860905621
0.524029103
0.212342761
-0.011549638
-0.009189388
-0.315504899
0.295467793
-0.369572365
0.162918402
0.407172705
-0.197803578
0.662298437
-0.059541508
-0.478891989
-0.251977139
0.358145695
0.149957651
0.611275609
0.484349481
-0.291642051
0.217379052
-0.401185134
0.875765544
-0.728393321
0.357176375
0.739681269
0.005014036
0.302397843
-0.172744823
0.424304476
-0.580046885
1.116631721
0.728423042
-0.776335532
-0.471419895
0.471592269
-0.378867626
-0.759605932
-0.004596325
-0.042637310
-0.359622606
0.561960161
-0.730114816
0.715622956
-0.817734251
0.529063148
-0.396907335
0.854788899
-0.665784687
0.546131586
-0.159774319
-0.015539955
0.387587063
-0.554893194
-0.267151244
0.225991209
-0.029901576
0.585237759
0.752126042
0.342522099
-1.059528006
0.905515076
-1.093928157
0.144875562
-0.151627300
0.819959118
0.403149962
-0.500465124
-0.739559230
0.079334029
0.142706469
0.473407704
0.093475484
0.224685788
0.204116556
0.352251111
-0.583436565
0.336497862
0.201553484
0.478483349
-0.251036466
-0.148362676
-0.725432229
0.015561670
0.190374452
0.795989104
-0.955672689
0.340635623
-0.483549409
-0.097898816
0.486121107
0.056393152
-0.475510363
0.592367990
-0.033464476
-0.439566525
0.533898619
-0.138595182
-0.069651607
-0.137846811
-0.069335440
-0.704309463
0.908909509
-0.254899418
0.207418620
0.598907567
-0.198928393
-0.895262077
-0.832459787
0.259271359
-0.332786558
-0.100031318
0.051255025
0.240254328
0.261232734
-0.049296708
0.565343569
0.383513589
0.099591130
-0.065851593
-0.024586608
-0.404712563
0.353930136
-0.755013633
-0.644246087
0.288073395
-0.522312671
-0.301907073
0.469398197
-0.539779382
0.255510627
0.650093551
-0.448834677
0.664070681
-0.094205809
-1.107161308
0.242070860
0.385597980
0.717603309
-0.067659834
0.715191162
0.885858673
0.159646168
0.709625513
-0.160972751
0.823550967
0.462368932
-0.325646662
0.099903015
0.614062160
0.354167244
-0.919408969
0.451308348
0.592910200
0.278053086
-0.163205699
-0.499684722
-0.044303951
0.726946506
-0.065094765
-0.342940592
0.031573233
-0.414751653
-0.722332470
-0.549432739
0.553150035
-0.404191066
0.287563780
-0.080694859
0.091022017
0.173141460
0.455067195
0.528976977
0.714177380
-0.322182547
0.022233057
0.037074845
0.375973536
-0.674070612
-0.233381826
-0.586684060
-0.193568949
0.970175970
0.108774722
1.010111480
0.210867207
0.145451762
-0.454434988
-0.236170365
-0.515254258
0.053816239
0.491905994
-0.506912949
-0.232562714
0.441345613
-0.288669429
-0.317782309
0.095972878
-0.052240218
0.375650195
0.097310227
0.441472528
-0.127139983
0.070305467
-0.264947816
0.361359338
0.541837432
-0.706629051
0.025673390
-0.198525119
1.143787425
-0.729370488
0.094000258
0.174844425
-0.168652113
-0.671331267
-0.106623849
0.119607778
-0.682046843
0.322148236
0.362188905
0.285218849
0.176558615
-0.382907865
-0.329016860
0.375358331
-0.510228023
0.018012137
0.269181728
0.523569843
-0.709030605
-0.302604585
-0.484495751
-0.258747895
0.086302217
0.594872074
0.432084965
-1.070338855
-0.004795609
-0.582161905
-0.016065403
0.561317888
-0.193388335
0.110813979
0.434080850
0.183172545
0.589359984
-0.115892337
-0.011035641
-1.310497009
0.274313939
0.639516258
0.232440251
0.514265277
0.940358857
-0.785190499
0.251526544
0.476466284
-0.586291252
-0.450668990
0.325019899
0.301871320
0.551195537
-0.111011253
1.121475672
-0.504261812
-0.107257608
0.055409862
-0.694876632
-1.048747710
0.019759043
0.423736122
0.105992580
0.041000912
-0.003118629
0.504996157
-0.688858284
0.236869305
-0.441445905
0.505599941
-0.134409016
0.000950032
1.499895996
-0.137870617
0.673922432
0.202420472
0.755937568
0.018083815
0.590431484
-0.857411270
-0.539045125
-0.393993172
0.195706015
