0.041531211
-0.547705688
-0.062025518
-0.391342248
-0.847633316
-0.443592759
0.638940758
0.184905303
-0.635735902
0.406722264
-0.846699639
0.017211815
-0.817731419
-0.200310816
0.386578835
-0.936578164
-0.537741720
0.492463060
0.350418565
-0.127043516
0.210783656
0.965202327
-0.166877506
-0.685588123
0.234716117
0.884300988
-0.623954579
-0.245832313
-0.183478329
0.812998952
-0.088362710
-0.561486622
0.235001442
0.127047617
-0.077307072
0.907732971
0.400882607
0.114710128
-0.258826990
-0.504187200
-0.630195898
-0.409274678
0.537070174
-0.070259170
0.152826732
-0.704304215
0.925895364
0.105520682
0.123121052
-0.575975486
0.120990918
0.187927194
-0.898386672
-1.209955312
0.209374170
0.526777663
0.113563398
0.549779305
-0.195342888
0.332492990
-0.441537066
0.333206748
-0.130382646
-0.192073604
0.087357877
0.316882713
1.016743117
-0.521909306
-0.019467415
0.389011173
0.208509261
-0.925892880
-0.076339845
-1.015238120
-0.537848974
-1.619875884
0.705632895
0.522692594
-0.481786865
0.511565503
0.025693565
0.180124573
-0.206928238
-0.416220512
-0.207212050
-0.527832225
-0.606613090
1.271805964
-0.859995425
-0.060088765
-0.516747654
-0.003480554
0.185823879
-0.567441317
-0.379092697
0.322353142
0.146897381
0.032173081
-0.372400598
0.432333524
-0.144308406
-0.188681497
0.535625141
0.223704978
0.231667330
0.127804512
-0.308115646
0.187030332
0.469799915
-0.153953213
0.384863427
0.316211911
0.541524785
0.537811937
-0.213135949
-0.103037703
-0.562468759
-1.328205594
0.438761133
-0.523133253
-0.489922471
-0.808821707
0.687351619
0.330139935
-0.646195033
0.118541248
-0.758018162
-0.585029618
-0.568447996
-0.277812667
0.827670533
-0.221707846
-0.122293879
-0.230931629
-0.711277525
-0.323582105
-0.185993523
-0.260567064
-0.025479248
0.232658073
0.352103465
0.128904791
-0.341284166
-0.563951564
0.347492460
0.039758368
-0.758759019
-0.619259880
0.186174558
0.148943776
0.334290100
0.072702159
0.267716350
0.543210539
0.016516661
0.002828494
-0.020022028
0.586827371
0.519334774
-0.169119869
0.681001853
0.177053987
0.285941254
-0.711267392
0.114823999
-0.593702500
0.293168891
-0.519173376
0.262385116
0.371990950
-0.319345006
-0.114941077
0.255374249
-0.421585240
-0.323755602
-0.200063113
0.453825487
-0.469505934
0.349879846
-0.900958692
-0.050061990
0.846193143
-1.124181730
-0.300033100
-0.182676150
0.031991066
-0.137621855
0.508142079
0.029087472
-0.319044165
0.154641846
0.568853369
0.940274452
-0.734920454
-0.183896440
0.175630575
-0.040117942
0.761155167
-0.517944546
-0.335304821
-0.013177173
-0.261658090
-0.476459197
-0.220337816
0.005459724
-0.327841051
0.409530980
0.278062785
-0.308321828
0.198645554
1.216310254
-0.259868640
-0.908138493
-0.145839012
-0.655808026
0.330219936
0.102614997
-0.052300914
0.144325897
-0.385952597
-0.366587845
-0.396394864
0.847610527
0.623265028
-1.412299328
0.121822300
-0.248318203
0.083073771
0.113822392
0.301343409
-1.474909373
0.658412090
-0.375119867
0.209063251
0.495863795
-1.720452316
0.019201378
-0.644109297
0.418289466
0.258689232
-0.446112802
-0.426347965
0.727873626
-0.133639707
-0.334380262
0.575120034
-1.176351779
0.563726833
0.302122509
0.133398981
0.469713052
1.116548763
-0.086281489
0.619563111
0.256487745
-0.278896528
-0.110742705
0.161508394
0.227240118
0.341026634
0.656350207
0.382276395
0.090923077
-0.002885202
0.421713290
0.516868910
-0.025232985
-0.755751793
0.398354949
1.272397182
0.836278800
-0.749998628
-1.179562776
-0.137909657
0.345625955
-0.620841999
0.040048159
-0.100569842
-0.146819930
-0.165305272
-0.311545696
0.644152704
0.685333818
0.440282438
-0.533121674
-0.648561532
0.083246901
0.424904742
-0.927008547
0.286204657
0.675867623
-0.795329857
-0.293105942
-0.341950426
0.138040546
-0.025205816
-0.587054248
-0.236615106
0.446300558
-0.220405184
0.085216876
0.018767966
-0.739001206
-0.134582909
0.109144385
0.553407790
0.197657692
-0.259952700
-0.494225041
-0.672747569
0.296179234
-0.199573285
-0.022961109
0.049308780
-0.740588638
-0.051848796
0.114793042
-0.080704990
0.335399372
-0.300015505
0.102926872
-0.368469948
-0.019231422
-0.655430978
-0.143338870
-0.039137368
0.074239529
-0.662113388
-0.132746390
-0.184117116
-0.565792325
-0.311907033
0.351627185
-0.688303426
0.529500258
-0.892053359
-0.623722816
0.062428029
0.779586864
-0.271213726
-0.511265468
-0.026666294
-0.390950906
0.374076912
-0.432984008
-0.123571040
-0.130457869
-0.365505820
0.340220440
0.621569421
-0.581064719
-0.450803004
-0.450428481
-0.650680712
-0.160595958
0.216891560
-0.236016080
-0.382693652
-0.807764461
0.907703926
-0.494513687
0.616306276
-0.243663238
1.052269577
0.411310151
-0.429733594
0.309527553
0.537160073
-0.024359932
0.645373577
-1.018218793
0.379704278
-0.054244793
-0.229575991
-0.659639559
-1.021169706
-0.175702239
-0.361063610
-0.584198070
-0.365170996
-0.241089457
0.553288956
0.180196866
-0.737015870
0.177612507
-0.341523666
0.095659683
0.354641750
0.799860491
0.125106745
-0.320302873
-0.878386117
0.176952710
-0.263489197
0.599334222
-0.396055157
-0.031588722
-0.147245261
-0.442018678
0.330992537
0.308690565
0.346585124
-0.254302973
-0.080001303
0.692497357
-0.412462884
-0.705582692
-0.191718541
0.001210072
0.039133711
0.241336292
-0.099766010
-0.640315337
0.124681664
0.683319392
-0.414974924
0.015012081
0.937500753
0.372459127
-0.200681820
-0.440667252
-0.199881982
0.690856417
-0.295062289
-0.596344455
-0.550914790
-0.377892150
-0.717165607
0.602084822
0.168945314
-0.151768871
0.005833778
0.580583537
0.091015956
-0.082603074
-0.000313746
0.603362099
0.677690881
0.413581196
-0.272712529
0.699984120
-0.123093893
0.181350734
-0.150535575
-0.142802633
0.546162992
-0.230072220
0.406951984
-0.702099994
0.358408182
-0.105995658
-0.051120768
0.006172164
-0.872159899
1.106405089
-0.120937080
0.761963041
0.821262255
-0.445704400
0.333828572
-0.575525982
-0.160654360
0.262079831
-0.245532738
-0.168105061
0.821816602
0.571935546
0.327794990
0.049092338
-0.470904422
0.066731556
0.225399294
-0.072742264
-0.496756595
0.064759711
0.400675092
-0.573168815
-1.438580698
1.115752582
-0.007209534
0.122587078
0.518115670
-0.201685106
0.102565444
-0.911694065
0.748266646
0.271485683
-1.152982809
0.386786079
-0.048321566
-0.032691504
-0.159491532
-0.401930425
0.410588004
0.821873564
0.792854639
0.228624605
-0.063865849
0.578953987
1.176782494
-0.292572938
0.715790691
-0.263622627
0.174561977
0.867853842
0.761660018
0.123356470
0.809881948
0.070643019
-0.550153800
-0.159626987
-0.086780930
-1.021042336
0.111341916
-0.405093647
0.143691803
0.054742647
0.346511413
0.675114216
-0.077314273
-0.207433689
0.854177891
-0.583512120
-0.380668889
0.059146442
-0.921228137
-0.724855901
-0.135478798
0.164638553
-0.023083310
-0.076305271
-0.550523344
-0.000264640
-0.231920207
0.587953929
-0.407306267
-0.601384900
-0.079285520
0.174020974
0.115870159
0.344072272
-0.242732471
-0.476346218
1.907281913
0.431657686
-0.774093761
0.172605625
-0.602606876
0.094529984
0.320411636
0.130477471
-0.163197023
0.221099954
-0.750793825
-0.166233492
0.927052892
0.558299675
0.066686764
-0.051196350
-0.766946249
-0.021388719
-0.082055208
-0.497084993
-0.227240329
0.141085867
0.068827007
-0.711602638
-0.083336461
0.882054228
-0.459744057
0.023327591
0.531560953
0.056691133
1.278000903
-0.118610774
-0.188831292
-0.199259654
0.040158634
-0.325796301
0.160797019
-0.096096217
-0.470171439
-0.100148723
0.122032146
0.617238234
0.212245427
0.176056174
0.017658879
-0.116528321
-0.029323857
-0.027358163
-0.237246518
0.696644171
-0.968114080
-0.035933252
-0.492200873
0.067503636
-0.873917694
-0.795216961
-0.410984749
0.341314348
-0.017318156
-0.126605745
0.498084518
-0.180118544
-0.127057105
-0.041020062
-0.169038383
-0.267865999
0.409715279
-0.372917000
-0.175177260
0.117165247
0.018445572
-0.463345955
0.476356556
-0.409858541
-0.770727069
0.223500236
0.675767791
0.037181612
-0.077080109
-0.344137249
-0.025952389
-0.018677839
0.444048181
0.255723132
0.205608629
0.559051507
0.503756411
-0.341799778
0.533924239
0.026029900
-0.637775008
-0.154178281
-0.166329975
-0.548519715
0.098522497
-0.591069476
-0.829300181
-0.186675259
0.461397962
0.383456476
-0.306000624
0.808330874
-0.638396557
-0.489200543
0.135234972
-0.409437066
0.122322573
0.838556649
-0.919721713
0.269714286
0.317629873
-0.260377634
-0.483410361
-1.097025141
0.516166681
-0.755959900
-0.849614856
-0.293575720
0.203311613
-0.411716983
-1.244897447
0.289270681
-0.082184077
-0.007433987
-0.346386065
0.496541789
0.553354706
-0.455399167
-0.483223490
0.065595186
-0.346998242
0.515060906
0.381320018
0.095487696
-0.184642957
0.053576524
0.010985009
0.061246944
0.376618288
0.084817756
-0.334473004
0.799940796
-0.327284028
-0.211706220
0.026515240
-0.319418261
0.162204419
-0.587728956
0.179070243
-0.324181360
-0.135041995
0.361671332
0.266759685
0.316678792
-0.480510503
-0.603454971
0.425413834
-0.644120243
0.323419747
0.210830802
0.553492800
-0.496272817
-0.382737791
0.168313384
-0.242522878
-0.142355913
0.226606956
0.287462387
0.335797869
-0.369842568
0.402279247
-0.058108585
0.848374673
0.680352094
0.576649465
-0.173259469
-0.409661693
-0.218466324
-0.176195552
-0.662113885
0.829062039
0.255839948
-0.016038666
0.607224065
0.187916433
-0.141341981
-0.070496132
0.179226410
0.083546740
0.573306722
0.200314326
0.351800912
0.570271886
0.522280425
-0.293865341
-0.159546505
-0.165422058
-0.067440879
0.326996047
-0.030136715
0.367795984
-0.058203623
-0.859488898
0.638856675
0.028922868
-0.243612231
0.109540764
0.038466970
-0.389119010
-0.112858637
-0.618350246
1.225296799
0.376012775
-0.018200428
-0.217807756
0.603445701
-0.464639498
0.537213537
-0.000856802
-0.294418621
0.341400512
0.992919641
0.502983302
-0.318383230
-0.563989702
-0.006988153
-0.098558835
0.067540359
0.561242736
-0.381765791
0.737506842
-0.353447264
0.361545857
-0.168845238
0.759460609
-0.328669009
-0.127977693
0.524816593
0.172435004
-0.215816261
0.177983315
0.054272295
-0.304552585
-0.435160131
0.151355030
0.102486463
0.326372804
0.327308415
0.181317641
-0.723878674
-0.247379354
0.586891052
0.386881896
1.088117257
0.773483653
0.068331010
0.322619087
0.241783841
-0.174386914
-0.158443384
0.612233619
0.660682210
0.731237974
0.407093296
0.285258701
0.282802893
0.085755384
0.012657434
-0.331417800
-0.315098734
-0.368240457
-0.029579259
0.681126496
-0.020879293
-0.014409637
0.493014654
0.180279569
1.179972113
0.329909625
-0.199889748
-0.278980331
-0.222957015
0.640607609
-0.634220948
-0.646310804
0.100357690
0.594729790
0.433482967
-0.581813548
-0.103338144
0.104470259
-0.344686134
-0.040119288
-0.357236290
0.340780356
0.307146449
-0.311391191
0.542197071
0.470422301
-0.364060047
-0.455246072
-0.132735339
0.302355623
1.012140272
-0.208093455
-0.021222632
0.789765965
-0.257123480
0.320534582
0.469283905
-1.389699221
0.303280362
-0.095679301
0.044366922
-0.033722477
-0.259116591
0.530951200
-0.245879150
0.002691597
0.587826588
-0.390738255
-0.715946701
0.461490957
-0.966808284
-0.476174898
-0.786889411
-0.766765377
0.453075861
0.637046737
-0.017529025
0.435650233
-0.978219289
0.333348341
0.071569451
0.087169287
0.435698076
-0.424605482
-0.032853235
0.771305932
0.230021112
0.113519085
-0.252718068
-0.269619471
0.039885358
-1.347323288
0.486233055
1.188526406
0.167841049
0.625685495
-0.430512378
1.018769297
0.482664043
0.257083431
0.352917084
-0.062643000
0.480938189
0.838647437
-0.390037695
0.098317461
0.061235908
-0.515326900
-0.004017739
0.298251023
-0.025366995
-0.203291784
-0.159112228
0.675714435
0.963576410
0.842492424
0.683246079
0.585540740
-0.687988080
-0.023260619
0.481439788
-0.273056708
-0.186346451
0.090298114
0.340761036
-0.139685347
0.878637155
-0.403480749
0.170331697
0.188080479
-0.995148050
-0.596659714
-0.141159756
0.357718947
0.004126327
-0.556131743
-0.548874260
-0.234993533
0.896210952
-0.129604511
-0.221807075
1.198239568
0.589720948
-0.326283239
0.111706975
-0.734913354
-0.928369940
-0.269096771
0.776334471
0.694474621
-0.665666001
0.442125693
0.213286698
-0.409495410
-0.172512659
-0.069598206
0.250810001
-0.073622000
0.084211999
0.158303201
-0.288821681
0.865722332
0.093369736
-0.982328529
0.300253373
0.211987649
-1.036254486
-0.444470826
0.212780771
0.258677893
-0.628132673
-0.958049133
-0.014584413
0.249189428
-0.651998238
0.085550983
0.933040351
0.145295686
-0.420993819
-0.639836541
0.478754340
0.121530725
0.802902852
0.431774324
0.426645497
0.255388029
-0.155238962
-0.097485655
-0.650259716
-0.530788337
0.244153317
-0.936076396
0.466797194
-0.434017673
-0.180268341
-0.408973780
-0.188209986
0.110796145
-0.999926312
0.263723485
-0.038601233
-0.307287014
0.233951267
0.867976578
