1.206948057
1.822219257
1.126688122
0.250787158
2.096817347
2.350955397
0.598736871
0.273299320
0.894952757
1.576052661
0.360090606
1.914875552
1.158837152
2.773919822
1.616536482
1.196196283
1.240753984
0.033643966
0.046891928
1.298880834
-0.048346070
1.921034420
0.417916232
1.323638078
2.698580341
-1.463107241
2.570164727
2.409067493
0.148958802
1.445406937
2.798634398
1.959401579
2.256106598
1.197558744
0.885806132
1.039244099
0.245830844
2.252699195
0.275651683
0.128623817
1.255862230
1.203283004
0.162975909
1.149321164
0.634706906
2.407339790
2.243522295
0.355770817
1.679236425
1.760258896
-0.111894821
2.169956141
0.133783251
0.006247347
2.750046485
1.960975748
2.275730073
-0.942818722
1.522029210
-0.026947874
1.554175995
1.398489273
1.240631182
1.635121524
1.968115497
1.184498676
1.097820763
0.329446513
0.243353631
-0.457688001
0.546099563
1.101755477
-1.589811183
1.624123726
1.517897007
1.082468922
1.562388349
1.694860176
0.556065134
0.438607439
1.581323545
2.408585811
0.996213642
1.359258668
0.852521378
1.892180137
-0.768771832
2.064370553
1.287080266
1.412235084
0.950206778
0.043844386
2.041731215
2.061261297
2.587262706
2.037810381
1.407063934
0.530138372
0.772698064
-0.032823412
1.563060310
0.796812091
0.911873120
2.472403314
2.218955268
0.966730072
3.223743566
1.576694079
2.458733655
0.793672254
1.044119977
0.389428375
1.480178134
0.656697118
1.249331036
1.432970769
0.684383031
2.304307175
-1.589889848
2.410857290
1.447892412
1.833305385
0.795310658
0.932047429
1.498359276
-0.674185968
0.702376785
1.023696255
1.359484355
1.154802699
0.570459911
1.042783043
1.285065747
0.894986787
2.081561271
2.420793583
-0.259378273
0.409077121
0.362628053
0.179113912
2.128750890
0.541272040
-0.789827264
0.609102513
1.295674239
1.304040254
1.427374751
1.513225674
2.625134429
-0.068025486
1.635897869
0.879243433
1.826522636
-1.309488236
0.524822974
0.746429270
1.311864077
-0.017054674
0.972697765
1.321430537
0.459346713
2.252754027
1.852582821
1.519425819
-0.027348043
-0.815750657
1.062726321
0.909210334
1.090810287
1.298836746
2.036990507
0.282180039
1.501404323
1.801610193
1.483538854
2.198787105
1.831616543
1.187935871
0.495378289
1.620454478
0.253153148
0.522908476
1.216542683
0.148611646
1.123468080
1.635805295
1.876190954
0.313827758
3.231530056
1.737713764
0.625946619
1.754398971
-0.548361657
0.764319139
-0.368519313
0.091405303
-0.471021112
1.060024077
0.374419161
1.742152563
1.831415884
0.944326394
-0.669720638
2.556399341
0.501832884
-0.277396919
1.493546678
2.407098827
1.227006952
-0.402718879
0.401281717
2.148422979
0.537726495
0.494621678
0.762580478
0.633191614
0.368000733
-1.042373770
1.889602549
0.013628321
0.559073179
0.539951361
0.397467995
0.595472601
-0.134469473
1.191012176
0.834886246
0.361712956
1.813096888
0.433344302
2.582681705
-1.548830951
2.029652342
1.344246798
0.179197411
0.924284045
0.880218778
1.861510326
0.074159176
1.046599301
0.325494179
0.348567353
-0.236119448
0.308439331
0.325646542
0.016044107
0.667050945
0.091713990
2.299810813
0.235952826
0.945332186
0.580020718
0.966846077
-0.712476736
-0.657110813
2.401617493
0.007587558
0.708563068
-2.143598854
-0.769236172
-0.248745187
0.606561972
0.556574609
-0.205138689
-0.593761608
2.414077385
0.252933832
2.131987065
0.152284682
1.315960668
-0.201986552
0.015536111
1.112723133
-0.951323620
-0.061154412
2.224417869
1.864681029
0.448632667
1.380773676
0.822993357
1.543238915
0.887387400
1.435193965
1.672447809
-0.603430421
1.062783584
-0.086697081
-1.077820596
1.648093087
1.034588455
0.559604010
1.956005257
1.503777142
1.698684359
1.176267723
0.227323925
-0.587769961
0.385883110
0.852865967
0.981997191
1.786935009
0.295619308
-0.150224057
2.672592768
-0.313940434
0.472980182
0.060451771
1.658566288
0.867238668
2.780598100
1.355119119
1.716089320
1.900724582
0.953568550
1.077802428
0.607431394
-0.283749658
0.091355404
-1.266325167
0.421519153
0.682527353
0.110161025
1.139394866
-0.021350386
0.413713479
0.911331194
1.826920045
0.322463989
0.010061473
3.345230725
1.042946351
0.707226246
0.585494324
-0.245815410
0.745588543
1.150465430
3.867382726
0.867750412
0.716978370
1.804112062
1.115035543
2.496315662
0.481830681
0.131788107
0.301710525
1.163734602
1.112802535
1.564945877
0.987815379
2.165141256
1.549405783
-0.479119077
0.882051232
0.922199657
-0.313471934
1.356762115
1.098078156
0.238965058
1.465385025
2.536503050
1.533232227
1.274035188
1.494485996
2.670950569
-0.580834076
-0.503601580
0.568283515
2.580375052
-0.496431893
1.467626660
0.976943186
0.842358171
1.206599319
0.996562471
0.328103266
0.136714990
0.767808123
0.897841698
2.532713228
0.973845603
-1.292461329
0.946800370
1.329697987
-0.250621432
-0.149884117
-0.086481875
0.196338592
2.671423285
1.381856557
0.519818413
-0.328389254
0.056674817
0.712432383
2.424740205
2.804173552
1.246561525
-0.442213730
2.293495837
1.667750486
-1.307809810
0.932917763
3.300428544
1.733302514
0.590431880
-0.445395005
0.758988945
0.822841026
2.145936138
2.380500657
2.299391959
0.772041918
-1.138087301
0.076208859
0.672308745
0.067400574
1.769532083
1.172979030
1.254698832
-0.381956127
0.323271002
0.705886533
0.679271006
1.689351617
2.362223322
2.513135917
2.261484972
0.662837490
1.923922460
0.961625458
0.817829131
0.959902938
1.692603953
1.016390676
1.618417366
0.593992530
0.751965999
0.083739781
1.348393418
0.348281093
1.090932441
1.250584592
-0.295422784
0.807687608
0.951177524
1.210757050
-0.148893669
-0.033850962
0.062954950
0.066293966
-0.293053769
2.775250781
0.448108098
0.806453504
0.245498096
2.734666486
2.284906523
1.630101895
0.801368621
1.980721462
0.501415903
1.299061144
0.857120252
0.175881908
0.404921534
1.618824876
-0.020307962
0.647383234
-0.502002186
0.264566867
0.945883649
1.284361553
2.297503731
0.741858147
1.593842693
0.193806850
1.647370354
-0.921863348
-0.443203701
0.863379391
3.194493848
1.032678659
1.602122489
-0.373659977
-0.252188912
-1.473870886
1.201473288
1.349968421
0.103425494
0.638256446
1.876851954
0.812524781
0.194786287
1.129540090
-0.299181488
0.350702753
-0.149453604
1.504636193
1.696278829
-0.883493953
0.310935193
-0.490417897
1.781172213
0.281862183
-0.516570777
1.250667954
1.999796907
-0.566833051
-0.244994421
1.984991715
0.439014135
1.169543534
1.648647835
0.206128008
0.063402224
1.609330932
-0.998814035
-1.212566496
0.508406552
2.058542727
1.312302424
2.275309849
1.486355415
0.652182779
-0.117437455
2.501547921
-0.638474162
0.561377558
2.290935047
-0.582142529
0.672678937
1.557932117
1.424440922
0.219595020
1.146261970
2.137620675
0.746775076
-0.719237018
0.384485013
0.751520996
3.039801113
1.344412416
0.705324005
0.061824789
1.274536269
3.255680496
-0.919121850
0.310307283
3.177897683
1.777603746
0.395395194
1.363672864
0.849126929
2.021094801
1.174735747
-0.559137769
1.402727978
0.899436156
0.881011115
0.367180056
-1.665614881
0.266173637
0.855253189
2.521859268
-0.004617162
0.825245054
0.627044055
1.207207176
-0.121107205
0.938555707
-0.221481254
1.257151071
2.083635527
-0.020485621
0.074683500
-1.156663978
-0.350264770
1.149818697
0.957767195
1.809210821
1.667540534
1.611802999
2.785351198
1.113757708
1.538298118
0.831170916
1.054166988
1.601905441
2.492023076
-0.137398714
0.242973658
-0.038348383
1.617058137
2.564309810
-0.542352294
2.567176363
1.330924380
2.003512711
1.828613254
0.602243279
1.094318413
-1.330954025
-0.466771091
0.303962044
1.427307058
-1.546899741
-0.001902337
0.162357333
-0.702341866
2.576802074
3.174150152
0.345319949
0.596162595
2.133185619
1.790561371
0.822008528
1.488962445
2.142995932
-0.009018798
1.920194453
0.067639841
0.942137743
0.431195798
0.415573408
0.214916612
2.103180880
1.854351754
0.076862210
0.229042706
1.875012652
-0.780123008
-1.154334054
1.964189911
2.448084286
1.341431537
0.903020059
0.458108462
0.098475631
0.651842320
0.519103718
-0.444300798
2.062826491
0.635695676
-0.025026557
0.348114859
0.832709194
1.063333184
1.975049001
-0.148212794
1.633870476
0.860746162
0.993510741
2.020061059
-0.691382302
0.577767576
2.444526925
2.014953654
1.148599686
0.695716442
0.877428197
1.829788530
0.262684620
0.653226557
-1.152481973
1.417796589
1.400389978
1.680320184
2.122247088
2.653508910
-0.619692352
-0.424865973
-0.329185658
2.339674012
-0.699573105
1.029069763
1.568148006
2.162416753
2.012736095
-1.121284127
1.679726298
0.961245836
-0.005787540
1.249073926
2.474150269
1.097095901
0.945173319
0.070503995
1.477894069
0.627008857
-0.936869442
0.638571360
2.330881397
1.228216207
1.977255638
0.716627822
0.337486901
3.009550024
0.220270237
0.666988559
0.295602408
-0.234540789
2.338734412
1.407115119
-0.252834554
2.503358979
0.978214469
1.629130300
-0.595659812
0.664476374
-0.422233815
1.949661608
2.945826387
-0.181733738
-0.301057882
-0.145326766
-0.345438027
0.530339636
1.379551973
0.404032537
0.027174090
0.085252551
0.865552992
0.820564069
1.784484000
1.064497976
0.826850050
2.217638713
1.347420571
0.210166969
0.359986555
0.290344026
0.320902201
0.050070816
-1.311020675
1.488138262
0.919720375
-0.512705620
1.352922344
0.510029681
0.050574713
-0.668449991
-0.924592528
-0.046050044
1.226167733
2.185610393
2.685036585
1.864545902
1.553309383
0.143040247
0.723467528
2.437145198
1.981778045
-0.143896576
0.880037590
0.448982839
2.295218135
0.114309993
1.361567699
1.320363336
1.838640097
0.004011022
3.115921258
1.672904440
0.835106413
-1.222044891
2.312254194
1.049712703
-0.100101497
-0.494228946
1.611749492
0.647941850
0.986594978
2.804568795
1.962182064
0.219136652
0.010327773
0.843182723
3.237943030
0.984230119
2.098718743
2.123883036
0.123767897
2.032088760
-0.265290068
0.173050105
0.758065261
-0.009465776
3.325426448
2.482439610
0.843027677
0.909844801
-0.404632505
1.347180546
0.949005187
0.625289455
1.008582086
0.926241165
0.454820676
1.506177533
1.150263396
0.567286245
2.163240510
2.489850125
1.562996335
0.572710961
3.326518841
0.486010354
-1.343698570
0.994645051
1.447414370
0.372042913
2.746297820
0.845787689
1.561101699
2.385549018
1.154917542
1.139944945
1.670233112
1.232605133
1.751946968
0.523311373
0.023755870
0.998749774
0.504942637
0.949746044
-0.351095092
2.180797282
1.625404061
2.026646240
-0.326583794
1.235179117
1.116572570
1.614002355
0.809230826
0.978068869
-0.203364606
0.942436495
0.768780161
3.609210186
-0.508911935
1.444085918
2.349944284
0.872728412
0.814124720
1.602029549
0.860003664
-1.513487389
0.006665965
-0.205619496
0.319219000
0.925681202
1.520632518
2.517102663
0.373699605
1.475053642
1.509879040
1.156070790
1.737557557
1.085846238
0.176391579
0.821434526
0.400917792
0.154451892
1.681806898
0.858756137
1.094787917
-0.156826860
1.930096250
2.062110703
1.997297813
1.284524122
1.258126685
1.267665917
-0.255042038
1.677538687
1.256947810
0.478784995
2.178674164
1.057423428
0.410207547
2.640317685
0.500940335
1.288608079
-0.476468358
1.937744099
0.528416609
0.634117105
3.225394231
0.751516657
1.825298710
0.959019513
1.715072160
-0.029787119
1.999447442
1.774977658
2.731298940
1.166247967
1.495345150
0.187990121
1.881138574
0.118355706
-0.092387911
1.761470836
1.750434450
1.010629820
2.426112456
0.444722092
1.306132325
0.727602493
0.839187104
-0.116248777
1.568991945
0.313480554
1.274821092
1.216850200
2.386656238
3.393494089
1.438104332
0.729078245
0.345917393
0.507950336
1.702635984
1.779671420
1.984464251
0.893506432
0.116968886
1.467934344
1.315297359
-0.191829473
2.039021292
2.205434405
0.414211266
1.645883002
-0.211345230
2.253454465
-0.303348343
0.734130519
1.914731667
2.106239786
0.556496514
1.065881184
-0.117988974
1.269379884
-0.644116746
1.678548912
1.975558024
-0.821290461
1.148061245
0.386161041
1.404529308
0.920990545
0.072753162
0.904384767
0.581028885
1.156074895
0.479054598
1.943889802
0.598497296
2.788136541
2.179420228
1.177852989
0.057679296
0.370243094
-0.468114273
-0.433077235
2.036201332
0.481279569
2.019172904
1.393298140
0.880011536
-0.336389429
1.111122125
1.272190875
0.030149137
1.263798124
-0.837900544
0.386221156
0.553033941
1.342807639
-0.221935991
0.974865978
1.998840498
0.067912881
0.273306800
0.550362997
1.745259101
1.567924009
-0.273311351
1.491479940
0.323284158
-1.532039213
-0.240987785
0.735137335
-0.218372058
0.996224101
0.230409876
0.429479644
1.888988430
2.416599423
1.522459805
1.601150032
