0.867371824
0.726921774
0.764320406
1.013847842
0.829979241
1.627129306
1.021293507
0.855271563
0.996876701
1.270909012
1.128442725
1.033771429
1.212870042
0.844805576
1.235815871
0.866904922
1.121763237
1.076755935
0.645971850
1.082596904
1.007827369
0.742616416
1.315321014
0.897660851
1.030571104
1.106500472
0.570770601
0.918380721
0.817643183
0.949698993
1.012518637
1.099752001
1.210962705
0.937416117
1.264368446
1.040285499
0.994610137
1.230522631
0.893257813
0.878878628
1.282338941
0.761512700
0.969694516
0.892849642
0.792019273
0.822721662
1.336282260
1.145892178
1.088000703
1.339259456
0.880927423
0.962854568
0.914131397
1.209841796
0.997920966
0.930437084
0.849786072
1.152154282
1.498480646
0.939929592
0.889456578
1.218074131
0.774032432
1.161824931
0.701995284
0.868044478
0.671903617
0.915717078
0.956039563
1.008265603
0.749980260
1.081921031
1.230218750
1.307006416
1.031805169
1.133572217
1.260447054
1.075667012
1.302627868
0.845332105
1.289896096
1.280878429
1.042562038
0.953654080
0.739756049
1.478917342
1.065622825
1.039582829
0.923855873
0.857175065
1.014674271
0.928362916
0.555328671
1.099741941
1.069098047
0.988444986
0.868703011
0.848012339
0.857646664
1.231596816
0.827546776
1.207900231
1.071302553
1.193489586
1.111682083
0.870374281
1.020365910
1.240388167
1.009488388
1.173193845
0.960533316
1.068830689
0.728561539
1.040626321
0.832608113
0.982661976
1.061245433
1.008390906
0.508736925
1.283598588
1.236334349
0.782195279
1.012427989
1.111966387
0.874736221
1.207869318
1.097633488
1.168264205
0.814284113
0.899479984
1.140136423
1.009831111
1.034443273
0.939641178
1.132368375
1.044579636
1.053752756
0.932572870
1.335875337
1.450941957
1.001296381
1.083371744
0.678493001
1.156362250
0.813728041
0.991101261
0.789067120
0.908772195
1.263000189
1.135139000
0.811243005
1.322899441
0.970946136
0.899003568
0.843594244
1.197394966
0.845268521
1.212609224
0.792128731
1.253489121
1.447085247
1.232324670
1.057092380
0.833466517
0.823220479
1.079165214
0.729096485
0.858989120
0.787302746
1.067833234
1.128395122
0.988604400
1.263190542
1.127137919
1.299212980
1.203513332
1.353140912
1.127453533
1.047816820
0.794779926
0.913821443
1.455183754
1.345825367
0.681222013
0.718192417
0.813588469
0.936905950
1.002251671
1.001986461
1.014045491
0.868951364
0.810765120
1.172426125
1.167756732
0.496836540
0.686402062
0.525559286
1.219707999
1.003259294
1.094384041
1.099585480
0.598555331
0.916657354
1.147181987
1.203199836
0.743283912
1.392555818
0.839963535
1.092579904
0.675885677
1.150439029
0.875819774
1.096562655
1.043485508
1.096760541
1.000655372
0.845690237
1.123344570
0.815375211
0.975067110
1.052034028
0.756890836
0.998430112
0.857868216
0.947846157
1.183989832
1.272289259
0.909191630
1.177151647
1.116832249
1.103567633
0.878218908
0.924761371
1.166485422
1.035627311
1.088963096
0.650515313
1.137593085
0.761208998
1.136260604
1.095406865
1.108951770
1.067209147
1.172146510
1.256986844
1.278139488
1.189528830
1.014774846
1.525194709
1.300809290
1.187970476
0.990274864
1.147983243
0.819446081
0.641263309
1.136386756
0.847025373
0.994749330
0.877050573
1.355491804
1.031938936
0.886016579
0.767596220
0.936419283
1.018140285
1.178634067
1.085613946
1.244382943
1.042891168
1.285764183
0.932051442
0.986284779
1.103711085
1.000739163
0.957438616
0.805259126
0.839363817
0.969943454
0.758923667
1.091876568
1.182415078
1.142762294
0.532743373
1.232213995
1.016793647
0.887273161
1.369118872
1.045766308
1.150283803
1.073596587
1.235182519
1.043171317
1.181370729
0.978642040
0.804817998
0.980638767
1.130089533
1.049260713
0.622549803
0.837038134
1.187646123
0.982311645
0.998689320
0.952610611
1.078061204
0.974668688
1.145511959
1.101420222
1.209347568
1.030274800
0.820927950
1.124846829
1.306634691
1.253985774
0.803842340
0.866135369
1.132856578
0.635259495
1.067093054
1.051258458
1.253078453
1.244184103
0.868953208
0.971367727
1.215125672
0.959051919
0.767776607
1.164266494
0.878720206
0.934748694
0.934779602
0.987843842
1.062356113
1.176177460
0.825435733
0.554415620
0.827107617
0.681999838
1.251752838
0.742451325
0.838199218
1.135078646
1.487996239
0.986007367
0.469531556
1.066939905
0.860609292
1.027191694
0.980369572
1.188119130
0.582317802
0.795668107
1.245417789
1.126544672
1.116823952
1.100242249
1.224512581
1.141093894
0.929238847
1.200456487
1.211878647
1.079908944
1.056914172
1.342073960
1.079740334
0.880713170
0.974649097
1.114101544
0.588916742
0.897864506
0.736291717
0.820970793
1.088707596
0.989569558
1.269191106
1.066048602
1.195009936
1.120456823
0.880431697
1.345409216
1.016897130
0.646565592
0.892504369
1.030925468
1.098856195
0.964082083
0.720706272
1.239477592
0.861984199
1.021838951
1.092121294
0.807448386
1.233404724
1.054562328
0.857709390
1.224274061
0.998099989
1.236631673
1.203762657
1.034414059
1.487670303
1.058488094
1.050385300
1.129754370
1.139126325
1.318274817
0.747434080
1.141596906
0.903398461
0.884092358
0.954939487
0.922093837
0.933156841
0.709603049
1.134178755
1.079774315
1.021018168
0.747596127
1.405908397
1.057236144
1.277151288
1.081377916
0.806642212
0.897267023
1.060712241
0.905752467
1.179732595
0.966373174
1.253232086
1.155165419
0.801113343
1.053043311
1.031606104
1.233640843
0.636681999
1.018355552
0.962203063
1.008824107
0.829561198
1.090169589
0.459811919
1.058249819
1.055950314
0.788773053
1.421604824
0.911867248
1.136073799
0.761976673
0.847457416
1.132088833
1.237575094
1.121827628
0.906269659
1.100125901
1.117694830
1.284413162
1.324756478
1.049870375
0.472081278
0.754417737
1.111283494
1.151360104
1.043351318
0.971999715
0.970791912
1.112914845
0.819790687
1.312375001
0.797965841
0.451859567
0.757525135
0.916498469
1.051320852
0.914956765
1.120814352
1.150104321
0.869641201
1.257869361
1.349088733
0.584598649
0.980515165
1.037791322
1.031280221
0.877527106
0.823915323
1.315991202
0.905326545
0.723563486
1.147925388
0.669701452
1.210142159
1.054754597
1.099262077
1.030286529
0.660286651
0.900455356
0.926576316
0.434776072
1.188978201
0.979158172
1.428740029
0.946071156
0.887368149
1.448817289
0.798071118
0.904469876
1.222350099
0.989438559
1.185326343
0.734479342
0.985162248
0.999871802
0.905415287
1.287312027
1.126565394
0.789778288
1.148034011
1.427043498
0.714013238
0.972081967
1.222443756
1.175078081
1.230406167
0.616640874
1.233257304
0.800364453
1.112353744
1.018399856
0.885294251
1.179120010
1.057720159
1.167716357
0.889885426
1.029833042
0.524125288
0.924689412
0.843559559
0.863461739
1.091564713
0.978312462
0.957728111
1.005560592
1.153234883
1.126414686
1.018789264
0.439387283
0.738372385
0.805032897
0.900194418
0.956195868
0.818802803
0.660156193
1.077419536
1.158759232
0.945783139
1.280924137
1.390135193
1.035538579
1.476527451
0.896086263
1.049055207
0.587997196
0.872526547
0.810086964
1.121346340
0.819075425
0.908775049
0.915689526
1.016641015
1.223799718
1.062693497
0.967370405
1.182502378
1.287759217
1.011425733
0.827530610
0.932519994
1.078812155
0.730208152
0.937428313
1.337256393
0.402441793
1.205427347
0.899132956
0.796254642
1.205069936
0.953180412
0.904452923
0.751099927
1.073639600
1.132221032
1.224768501
0.878403809
1.121010701
0.790676138
1.222758860
0.555848493
1.217478502
1.285247872
0.926573319
1.039282524
1.116189975
0.663059069
0.711290628
0.771032864
0.849917367
1.111113571
1.050263555
1.009602625
1.014165715
1.029383371
1.284571097
1.261488159
0.985569503
0.871003925
1.172668839
1.416508505
1.160731301
1.127071884
1.089300645
0.913510779
0.948594545
1.240875196
1.148002952
1.102972618
0.869471424
0.684000226
1.166887484
1.199000893
1.269047964
0.753357387
1.149821347
1.061453564
0.977927859
0.736130644
1.007822881
1.084661082
0.917044947
0.962539998
1.031538302
1.202491231
1.078707451
0.774486936
0.704756985
1.255301424
1.119729111
0.684882118
1.109572901
0.871222562
1.413826136
1.371634250
1.086814542
0.994844358
0.947477153
1.144958825
1.124728981
1.137029197
0.820997574
0.865398101
0.947132821
0.702632744
1.251377892
0.853055721
0.520144924
1.147958595
1.008802762
1.115474737
1.116368618
1.280217152
0.585811891
1.092833529
0.964542098
1.266712111
0.981615369
0.718217922
1.002957310
0.939353000
0.850569498
1.290269561
1.025873521
0.962573957
0.842314297
0.995259159
1.380650357
1.191190764
0.579949749
0.832920873
0.883205794
1.383595403
0.853995370
1.269592145
1.226268298
0.844507925
1.272691260
1.190535157
0.920862172
1.193497791
0.961258432
1.145848915
0.914810285
0.803570163
0.950029127
0.958783831
0.713463865
1.203946609
1.221264269
0.886283541
0.750345428
1.229385222
0.985490971
1.080200442
0.976901965
0.654245246
1.037557520
0.976175933
1.091848322
1.099817859
1.194940017
1.194784731
0.841558810
0.978383641
0.895250531
0.634124277
1.213033229
0.935221568
1.083929347
1.312632756
0.877106802
0.936352311
1.257435819
0.939134306
1.051457613
0.847708077
1.074074051
1.191623606
1.111027276
0.931945099
1.084916814
0.855235592
0.875426889
1.049875298
1.202964046
0.879335902
0.974637878
0.943651331
1.201284998
0.595034777
1.488560724
1.102163843
0.841120148
0.979022271
0.995931424
0.959787811
1.218550906
1.252807079
0.834925529
1.036650048
0.949244300
0.830095575
1.202761600
1.418613792
0.882775921
1.237627795
0.787447489
0.674438141
1.115853534
0.892002364
1.013906843
1.181581021
0.773404777
1.174648685
0.574957001
0.890024275
1.109190811
0.922295783
0.894283511
1.004830537
0.768727976
1.522448943
1.019037937
0.724298021
0.866201727
1.116902297
0.860559985
0.928234116
1.252410968
0.998155906
1.213168649
1.165942822
1.104411468
1.066589226
0.980020354
0.652590236
0.938057110
0.623144889
0.887851546
1.088907911
1.088962489
1.287092866
1.118974890
0.977942917
1.274663433
1.295516350
1.289175025
1.046728274
1.174624993
1.162479819
0.877402360
0.902993051
0.870785075
0.949488027
1.078549912
0.976264043
1.226432124
0.984850051
0.942584519
1.097464897
0.939876596
1.142666864
0.782486844
0.658502841
0.805154410
1.038240168
0.703501277
1.015522605
1.421401115
1.209777450
0.454774920
1.204513107
1.236140792
0.955987439
1.019563148
1.044182124
1.471507909
1.088285903
1.057943859
0.831307935
0.941545618
1.196804308
0.935092242
0.993337491
0.784348860
0.815972504
0.809606418
0.939735265
1.315032557
1.195604646
0.718076077
1.288894164
1.117104622
0.922966034
0.932741361
1.129313851
1.133579954
0.944178510
0.714322082
0.981717026
0.725347004
0.918996910
0.815165727
0.824407121
1.260507693
1.044038604
0.747153475
0.818219192
0.571758951
1.114773931
1.109700542
0.772932873
1.063582249
1.086579581
0.857830354
0.995631074
0.813587889
0.711361242
1.197293491
1.267072201
1.040981724
0.753085310
1.343196223
1.121880204
0.993631519
0.758409398
1.175176526
0.865798859
0.962292460
1.172259214
1.054481264
0.727818775
1.288753688
1.027515235
1.073481802
0.963868663
0.975578466
1.207267540
0.922879185
0.886176592
0.747722741
1.095480399
0.861221639
0.949836623
0.833361566
1.043688335
1.018214470
1.280985605
0.914466061
1.017926110
1.452674773
1.221946011
0.962844266
1.002735747
1.008375565
1.083920539
1.221563492
0.512498402
1.506761040
0.794127604
0.933978688
0.893557859
1.010223253
1.140012816
1.687729510
1.168448500
0.792601405
1.087510227
1.200650424
1.065852009
1.102766609
1.264153342
0.815767474
0.792463689
1.183539154
0.543415699
0.967690605
0.959026811
1.170551016
0.881555188
1.088911442
1.117470797
1.120229704
1.031997937
0.790030266
1.242984491
0.850678421
0.900999077
1.216368626
0.765155587
1.142901715
0.714861391
0.803458267
1.023272130
0.655608814
1.050579183
0.736016170
0.856905438
1.080564888
1.093200756
1.212243913
0.643547921
0.917067873
0.851339562
1.248569273
1.132803264
0.875386000
0.846490701
1.307664914
1.361627207
0.930788856
0.914045834
1.011412633
1.052871686
0.881692743
1.052239664
0.768315428
1.045318401
0.703178882
0.849385863
0.884346981
1.452115176
1.027662868
0.918265874
1.015765739
0.991451874
0.711199655
0.956269071
1.006887542
0.758105536
1.026881504
1.075594567
1.023952200
1.147817940
1.182151583
1.014733680
0.709372522
1.298842193
1.106490864
0.952363085
1.167699377
0.779974004
0.782151288
