2.039749924
2.161564926
1.247810996
2.056981932
1.983029152
2.264545034
1.533549214
2.172084777
0.621194110
1.943641547
0.754389625
1.313357215
1.250200872
0.649648789
1.509143722
1.232018506
1.493761586
1.756844719
1.889023199
0.981113179
1.496509229
2.129046076
1.541189581
0.844676117
1.062437737
1.340431048
1.110963702
2.557432229
1.625411567
1.809501719
0.934959875
2.259671332
1.631639879
1.401152900
1.696182121
1.680745741
0.978668462
1.547527361
0.924773622
1.473260251
2.929553533
1.355626224
1.029653460
2.030674480
1.790168776
1.601159776
0.767333356
2.520498041
1.596659610
0.950750619
1.434249144
1.888766566
0.567525464
1.299249242
1.311594224
1.231494309
1.435760260
1.044828471
1.972649715
0.478104904
1.724914747
1.914191450
1.930368365
1.718752400
1.164647250
1.947940700
1.135450594
1.610047993
1.324230374
1.112314148
1.062516345
2.069176839
1.190829910
1.847762466
1.286274695
2.238589327
1.039453249
1.075757982
1.641654779
0.964826778
2.064333737
0.721431458
1.937842177
1.614320796
1.162561535
2.344797752
2.836995998
1.145940021
1.340211595
1.176618365
1.523759371
1.831225007
1.269790092
1.428168462
1.242535045
1.183356932
0.559625560
1.506886875
1.030080547
1.702949244
0.547442467
2.142791974
1.129394272
2.434164850
1.894112303
2.069350335
0.872032616
1.401265278
2.470926184
1.319930759
2.464630595
1.279297094
2.034944554
1.547407018
1.456897291
1.528801778
2.830108070
1.379510498
0.913506732
1.515727297
1.930402706
1.372177586
1.479325477
1.719465245
1.448250648
1.664717947
0.917734326
0.533903739
1.042887220
1.828945425
1.152837657
1.409654833
1.568275927
0.980289319
1.418702942
1.308704653
0.841848816
0.710271597
1.667356854
2.402773323
1.544370055
1.605580020
1.152469759
2.019984842
2.180944472
2.235006610
1.024235092
2.259610790
2.262528071
1.293157993
0.579534422
1.830932414
0.964609606
0.414455523
1.693792661
1.179083761
1.542970402
2.225625181
2.263472511
1.092582819
1.219231734
1.238153920
2.298951669
1.417107313
1.531076060
0.585913493
1.589203825
0.962727175
0.628489477
1.711720115
1.419044203
1.394046089
1.609469029
1.702445052
1.309386369
1.231856973
1.793002200
0.503583266
1.550732460
2.090647394
1.459601014
1.133300638
1.174856717
1.746548287
1.517896210
1.387773144
1.251842621
1.752342152
1.104118103
2.030896611
1.323921990
0.616899782
1.655524143
1.953660756
1.337145118
1.760911941
2.128158941
1.853066996
1.354388053
1.769505468
1.462584007
0.595773747
1.808355267
2.014592403
1.249940965
2.007053932
1.186889544
0.753848283
2.104452174
1.619963363
0.807023353
0.679194257
1.317590591
1.268299222
1.778331006
1.517779839
0.837995556
1.570396599
1.370597708
1.761479892
1.898553171
1.333112113
0.992025005
1.262012138
1.810405384
1.569343212
1.726573335
1.371702354
1.082131711
1.253321745
1.079556492
2.031566864
2.178825465
1.539292658
2.477620938
1.131998276
1.363296826
1.416112398
0.818710397
1.429472513
2.510311300
0.925719139
1.975368969
1.205370363
1.675180994
1.477267230
2.026302051
0.818870345
1.303214234
1.982134891
0.915367454
1.654576882
1.447766833
1.864160860
2.137731360
2.349061406
1.011852759
1.273811277
1.097913476
0.959149586
1.235886754
2.803170155
1.572024231
0.591699984
1.871554985
0.536445378
1.624354947
0.879597258
2.272190315
1.518197665
1.870146992
1.973427186
1.402611049
2.061585218
1.073446441
1.130554218
1.727825707
1.802503358
1.216367024
1.479221156
1.543320241
1.453508591
1.063105182
1.327758879
1.654154152
1.733717232
1.528216472
1.985373600
1.800279991
2.252475048
1.370059161
1.014990700
1.332398146
1.662093787
2.035149945
1.280627900
0.915573463
1.885364946
1.475419836
1.304184350
1.932973871
0.615321045
1.411046188
1.162662930
2.115393776
0.903230355
0.958583217
1.897664353
1.520820708
1.750999599
0.785379232
1.342857763
1.913888507
0.951298462
2.310312388
1.938965392
1.580841127
1.196734661
1.598637392
1.387253557
2.059941025
1.522220938
0.786415954
1.393137036
1.287782708
1.015545752
1.877942875
1.020366023
2.397769586
1.134061735
1.852126638
1.480135592
1.207209216
1.344088479
1.427134557
2.574835782
1.691743713
1.824725520
0.969985277
1.604346548
1.533028133
0.830820618
1.910252810
2.238100614
0.953131438
1.887731006
0.259974651
1.197734297
2.164298592
1.584417745
1.193542878
0.987933676
2.510035671
1.831780709
-0.024176237
1.906703284
1.259684660
1.576785367
1.909384802
1.350047003
1.128592309
1.595813462
1.606146709
1.839692592
1.025567488
0.986087522
0.537822004
1.595500496
1.790726085
1.969626974
0.936287416
1.689544928
0.869413921
1.504343655
0.814453000
1.327458021
1.387816052
1.363112738
1.894317685
1.640959251
1.444454464
0.669713405
2.092645599
1.700686226
1.830231904
2.555918683
0.771732419
1.812545895
1.409127023
0.944356257
1.522530068
1.747668447
1.248403782
1.470945438
2.022630012
1.290962065
1.796637344
2.332367262
1.829356818
1.001761448
1.281807274
1.013684820
1.634669544
0.513156221
1.618705259
2.273663880
1.891955406
1.556339121
0.715883744
1.508493700
0.491895487
1.871529868
2.032059280
2.059278512
2.234359383
1.588498931
1.119153978
0.715066144
2.191286303
1.220078232
1.915651446
0.661109872
1.747654619
1.349747492
1.907612353
1.988337537
2.126639649
1.371303778
0.409406211
1.401387843
2.151547834
1.256269589
1.430105290
1.636819901
1.990194579
1.074919258
1.888892290
1.634445799
1.515530065
1.852159387
1.804050812
1.773665729
1.044639795
1.331278432
1.003140590
1.273317555
2.424861368
2.116090284
1.865375171
2.343286006
1.672592029
0.527121353
1.183036144
1.745777156
1.829252853
2.141670597
1.846078440
1.760893319
1.565341217
1.433737281
1.207322864
1.821809630
1.085289651
1.251319973
1.210868142
2.356756335
1.576126047
1.933727872
1.680973126
1.306887495
1.654181058
1.769262510
2.052394647
1.255736026
0.942536336
2.549602277
1.484096601
1.487788648
1.241406458
1.809381497
1.989168987
2.028033567
1.899732131
1.479912093
2.047959000
0.879595072
1.573885354
2.156633672
1.538387231
1.241446655
2.730931996
1.568061071
1.587280328
1.832513204
2.238219707
0.917381754
2.080230364
1.104074903
1.037691501
1.330563759
1.142501790
1.652492581
0.188683979
1.817825370
1.458574341
2.428394703
0.936351282
1.177568697
1.847364999
2.092086915
2.494457602
1.259329240
2.019675613
1.865999280
2.706989202
1.719268916
1.548632447
1.807486255
0.690392196
1.176144676
0.725628263
1.743642763
2.115092218
1.816497180
1.992583902
0.783337009
1.248307919
1.312759534
1.730574673
0.515545238
2.139338994
0.761276307
2.559874177
1.129883539
0.979466876
1.811028722
1.566844125
1.076926004
1.077361481
1.555184256
0.991339728
0.841237328
1.875359512
1.914337614
2.037720440
1.256240302
0.760957124
1.634421181
1.972703379
1.666249209
1.000574690
1.619424341
1.205976958
2.037338079
2.019980653
2.363971977
0.761218617
1.255293575
1.584288801
0.676092200
0.918105530
2.048051530
0.994724317
0.757266689
1.771439177
2.172753668
1.848465748
1.642563987
1.014610516
1.995609572
2.266574303
2.278648013
1.620136072
1.742041404
1.543554692
1.545319981
1.312015933
1.328074925
2.226210255
2.603134422
1.394333384
2.644687583
1.575799751
0.534631816
2.254428779
1.950572647
2.118779059
0.871038902
1.978522925
1.094918904
2.794175675
1.556639976
1.296875523
0.967671082
1.635774034
0.999872848
0.565672916
1.667292510
1.280220998
2.756267384
1.733934653
1.735550513
0.839645296
1.157736266
1.821674856
1.224683251
1.202384854
2.277309483
1.841507536
1.845144011
0.720020282
1.546301082
1.649698871
0.791164467
1.687093249
2.035823136
1.584848308
1.160705937
1.921336165
1.634630630
0.440497692
1.712756448
1.524130653
2.691327249
0.661445662
1.431961723
0.901600807
1.312571058
1.716285183
2.273388864
1.273925181
2.079297992
1.753155740
1.393417408
0.767324540
1.790876811
1.218040970
2.701901000
0.952825429
1.666464654
2.039373606
2.059573794
1.971296490
1.592245782
2.868385910
0.909200865
1.936178158
1.665602076
0.487439316
1.816623394
0.753103074
1.713896688
1.211926407
1.903718666
1.475037617
1.578226806
0.918966676
1.925360266
0.882085027
2.218273604
0.789248876
2.188490036
0.648123398
1.898265699
1.846746296
1.798723113
1.085677560
1.514458034
1.268869595
1.711852122
1.403695782
1.798199630
2.262785233
0.644754918
1.634474590
1.394072352
2.481709905
0.930984865
0.852101210
0.787003501
1.249249735
2.020960305
1.642789217
0.738714765
0.976630149
1.575905884
1.384954226
1.338436843
0.356701405
1.777399093
1.709648132
1.863597156
0.773655803
1.537137990
0.714455714
1.061714091
2.116155253
1.760446762
1.330960028
1.843361537
1.732420118
1.514437333
1.334712912
1.271006764
1.073549000
1.688482085
1.768270074
1.455720313
1.452875326
2.083902933
2.014856624
1.459389931
2.459027800
1.342764211
2.139915695
2.089324133
0.942379913
1.436890852
2.334546759
1.169982436
1.657357314
1.587037888
1.254686973
1.908971993
1.753702608
0.765042738
1.117996238
1.259240534
2.664103317
1.473599019
1.268547091
2.059684454
1.099941513
2.122625922
0.888359887
1.623064090
2.319822511
1.491076219
1.888098926
1.333158717
1.189082983
1.657433246
1.311380353
1.646833955
1.761153723
1.316532054
2.577153302
1.746845443
1.165059381
1.206015108
0.586310098
1.206634825
2.005239578
0.693199224
2.550009659
1.192392263
1.152737625
1.918218440
1.325881073
3.078996240
1.383343047
1.713573070
0.734397969
0.479361033
1.525335947
1.166306953
1.229524964
0.980293052
1.209713499
1.815967287
1.738091365
1.462980844
1.887027649
0.554603608
2.109163905
1.557126035
1.462089829
0.979396796
1.222646458
1.992122577
1.597648679
2.127633782
1.883627878
1.124900366
1.516250897
2.314944029
1.350199554
2.066916460
1.600744160
1.534920470
2.025049922
2.479791593
0.936279564
1.615808316
1.714790269
1.728788295
1.480159491
1.392107149
0.733034160
0.957284011
0.389283294
0.688395481
1.158552554
0.795078902
1.302559872
1.141451065
0.679361090
1.296550632
1.144485876
1.230970805
1.465821127
1.540730384
1.697246635
1.021460945
1.818531974
2.232379872
2.344236528
0.934864791
1.858753201
1.362328705
1.306043272
1.730191265
1.284407306
1.485018190
0.751671346
0.676218773
2.260800590
0.449622350
0.588315520
0.697764235
1.379375334
1.325701443
1.743409522
1.358129965
1.887685947
1.967837635
1.549248082
1.602057080
1.453122544
1.963895639
1.089619889
2.233318480
1.813420614
1.114922341
1.633233305
0.772713579
1.763604846
1.764767462
1.504397155
1.804666705
1.748717037
2.110349582
2.251698290
2.214369882
1.304991919
1.569312934
1.460737435
1.616557782
1.426156505
0.790663145
1.076118862
1.280995812
0.957169871
1.180554907
2.604739458
1.429452167
2.050303171
1.590064966
1.451094343
2.109380526
1.263144636
1.113234293
1.410301841
0.904749189
1.054680047
2.288930476
1.045801445
1.427220393
1.789454274
1.504908085
1.618997086
1.808814687
1.612620504
2.215792830
1.628263814
2.335578803
1.470339495
1.388377662
1.791752632
2.429658095
1.298139028
1.321866085
0.833948789
1.857236767
1.285726961
1.655345805
1.879105164
2.107950708
1.886565473
1.205722500
1.181692237
1.233868909
1.113975091
1.631692305
1.142155938
1.351746178
0.766216222
1.649826509
1.148573780
1.879857581
1.905869069
1.542812235
1.841023675
1.960015199
1.489487792
0.547523755
1.923442594
1.007661157
1.843914055
2.560054763
1.730206034
1.655895714
2.440390454
1.091674690
2.310633994
1.445060990
0.994061743
0.980403076
0.558076616
1.068521917
1.223473016
1.923681183
1.563451557
0.821215187
2.400948167
1.840851266
1.230856506
1.752699776
0.806238748
0.867860596
1.988588300
1.649866413
2.011240144
0.873113726
1.330585051
1.972346854
1.422214201
0.637969521
1.832337208
1.475322067
1.875857129
1.579744708
0.727878319
2.286950824
1.403083758
1.343009405
2.276456080
1.783546558
0.804922168
1.107339688
2.043520716
0.780812389
0.759942259
2.276467723
0.598951783
1.321869661
2.262298060
1.575316797
1.602409246
0.744440211
1.685108052
1.415206577
1.402538252
0.307875682
0.851360975
1.255911877
1.071463406
1.852482020
1.828456093
2.029875822
1.042521312
1.107644023
2.190769912
2.095787098
1.075409470
1.921637514
2.279478028
1.361353410
1.330083126
1.296211020
1.703186510
1.516286950
1.449192458
1.634935920
1.895815821
1.118394274
1.912085415
1.412462307
2.145703545
1.220997983
