#22/03/2022	13:52
#Trig. Params, TRDL: 34, Level: 7.600000E-3, C2:TRCP: DC, TRMD: NORM, C2:TRSL: NEG
#VPARS, TDIV: 5.000000E-5, VDIV1: 2.000000E-3, VDIV2: 2.000000E-2, VOFF1: 2.800000E-3, VOFF2: 2.450000E-2, TMAG: 1.000000E+0, TOFF: 2.000000E-2
#
0.0000000000	0.0014076658
0.0000001000	0.0013976561
0.0000002000	0.0013974119
0.0000003000	0.0013773924
0.0000004000	0.0013717772
0.0000005000	0.0013795897
0.0000006000	0.0013656737
0.0000007000	0.0014137694
0.0000008000	0.0013693358
0.0000009000	0.0013661619
0.0000010000	0.0013424803
0.0000011000	0.0013278319
0.0000012000	0.0013434569
0.0000013000	0.0013373533
0.0000014000	0.0013349119
0.0000015000	0.0013397948
0.0000016000	0.0013102537
0.0000017000	0.0013217283
0.0000018000	0.0013244139
0.0000019000	0.0012841307
0.0000020000	0.0013192869
0.0000021000	0.0012895018
0.0000022000	0.0012965819
0.0000023000	0.0012748533
0.0000024000	0.0013422362
0.0000025000	0.0013083006
0.0000026000	0.0013068358
0.0000027000	0.0012692381
0.0000028000	0.0012826658
0.0000029000	0.0012741209
0.0000030000	0.0012631346
0.0000031000	0.0013063475
0.0000032000	0.0013012205
0.0000033000	0.0012638670
0.0000034000	0.0012458006
0.0000035000	0.0012250487
0.0000036000	0.0012926756
0.0000037000	0.0012682615
0.0000038000	0.0011872069
0.0000039000	0.0011898924
0.0000040000	0.0012560545
0.0000041000	0.0012174803
0.0000042000	0.0012616697
0.0000043000	0.0012255369
0.0000044000	0.0012438475
0.0000045000	0.0012252928
0.0000046000	0.0012467772
0.0000047000	0.0012079588
0.0000048000	0.0011945311
0.0000049000	0.0012123533
0.0000050000	0.0011891600
0.0000051000	0.0011972166
0.0000052000	0.0011947752
0.0000053000	0.0011999022
0.0000054000	0.0012040526
0.0000055000	0.0012125975
0.0000056000	0.0011874510
0.0000057000	0.0011261717
0.0000058000	0.0012035643
0.0000059000	0.0011786619
0.0000060000	0.0011632811
0.0000061000	0.0011637694
0.0000062000	0.0012245604
0.0000063000	0.0011776854
0.0000064000	0.0011391111
0.0000065000	0.0011432615
0.0000066000	0.0011757322
0.0000067000	0.0011103026
0.0000068000	0.0011508299
0.0000069000	0.0011908690
0.0000070000	0.0011203123
0.0000071000	0.0011422850
0.0000072000	0.0011159178
0.0000073000	0.0011356932
0.0000074000	0.0011344725
0.0000075000	0.0010973631
0.0000076000	0.0011295897
0.0000077000	0.0011259276
0.0000078000	0.0011308104
0.0000079000	0.0011061522
0.0000080000	0.0010995604
0.0000081000	0.0011171385
0.0000082000	0.0010749022
0.0000083000	0.0011718260
0.0000084000	0.0011093260
0.0000085000	0.0011037108
0.0000086000	0.0011020018
0.0000087000	0.0010692869
0.0000088000	0.0010968748
0.0000089000	0.0010590330
0.0000090000	0.0010783201
0.0000091000	0.0010861326
0.0000092000	0.0010724608
0.0000093000	0.0010458494
0.0000094000	0.0010956541
0.0000095000	0.0010856443
0.0000096000	0.0010851561
0.0000097000	0.0010797850
0.0000098000	0.0010175291
0.0000099000	0.0010575682
0.0000100000	0.0010775877
0.0000101000	0.0010365721
0.0000102000	0.0010260740
0.0000103000	0.0010451170
0.0000104000	0.0010595213
0.0000105000	0.0010060545
0.0000106000	0.0009911619
0.0000107000	0.0010395018
0.0000108000	0.0009923826
0.0000109000	0.0009921385
0.0000110000	0.0009926268
0.0000111000	0.0010094725
0.0000112000	0.0010202147
0.0000113000	0.0010321776
0.0000114000	0.0009840818
0.0000115000	0.0010556151
0.0000116000	0.0010707518
0.0000117000	0.0009687010
0.0000118000	0.0010136229
0.0000119000	0.0010143553
0.0000120000	0.0009940916
0.0000121000	0.0010326658
0.0000122000	0.0009850584
0.0000123000	0.0009857908
0.0000124000	0.0010236326
0.0000125000	0.0009689451
0.0000126000	0.0009574705
0.0000127000	0.0010028807
0.0000128000	0.0009430662
0.0000129000	0.0009804197
0.0000130000	0.0009479490
0.0000131000	0.0009557615
0.0000132000	0.0009874998
0.0000133000	0.0009313475
0.0000134000	0.0009416014
0.0000135000	0.0009467283
0.0000136000	0.0009335447
0.0000137000	0.0009611326
0.0000138000	0.0009025389
0.0000139000	0.0009794432
0.0000140000	0.0009479490
0.0000141000	0.0009755369
0.0000142000	0.0009540525
0.0000143000	0.0009245115
0.0000144000	0.0009289061
0.0000145000	0.0009560057
0.0000146000	0.0009538084
0.0000147000	0.0009218260
0.0000148000	0.0009557615
0.0000149000	0.0009232908
0.0000150000	0.0009406248
0.0000151000	0.0009149900
0.0000152000	0.0009057127
0.0000153000	0.0009257322
0.0000154000	0.0009437986
0.0000155000	0.0009225584
0.0000156000	0.0009098631
0.0000157000	0.0009049803
0.0000158000	0.0008827635
0.0000159000	0.0008861814
0.0000160000	0.0009101072
0.0000161000	0.0008588377
0.0000162000	0.0008454100
0.0000163000	0.0009125486
0.0000164000	0.0009032713
0.0000165000	0.0008751951
0.0000166000	0.0008544432
0.0000167000	0.0008651854
0.0000168000	0.0008573729
0.0000169000	0.0008356443
0.0000170000	0.0008891111
0.0000171000	0.0008637205
0.0000172000	0.0009171873
0.0000173000	0.0008590818
0.0000174000	0.0008236814
0.0000175000	0.0008642088
0.0000176000	0.0008747068
0.0000177000	0.0008502928
0.0000178000	0.0008595701
0.0000179000	0.0008263670
0.0000180000	0.0008471189
0.0000181000	0.0008942381
0.0000182000	0.0008349119
0.0000183000	0.0008502928
0.0000184000	0.0008393064
0.0000185000	0.0007982908
0.0000186000	0.0008134275
0.0000187000	0.0008280760
0.0000188000	0.0008385740
0.0000189000	0.0008056150
0.0000190000	0.0008305174
0.0000191000	0.0008063475
0.0000192000	0.0008520018
0.0000193000	0.0008202635
0.0000194000	0.0008227049
0.0000195000	0.0007963377
0.0000196000	0.0007960936
0.0000197000	0.0008048826
0.0000198000	0.0008021971
0.0000199000	0.0007958494
0.0000200000	0.0008214842
0.0000201000	0.0007956053
0.0000202000	0.0007873045
0.0000203000	0.0007931639
0.0000204000	0.0007943846
0.0000205000	0.0007748533
0.0000206000	0.0007914549
0.0000207000	0.0007731443
0.0000208000	0.0007636229
0.0000209000	0.0007880369
0.0000210000	0.0007609373
0.0000211000	0.0007875486
0.0000212000	0.0008073240
0.0000213000	0.0007562986
0.0000214000	0.0007545896
0.0000215000	0.0007965818
0.0000216000	0.0007697264
0.0000217000	0.0007538572
0.0000218000	0.0007804686
0.0000219000	0.0007597166
0.0000220000	0.0007777830
0.0000221000	0.0007729002
0.0000222000	0.0007470213
0.0000223000	0.0007636229
0.0000224000	0.0007587400
0.0000225000	0.0006881834
0.0000226000	0.0007575193
0.0000227000	0.0007665525
0.0000228000	0.0007711912
0.0000229000	0.0007497068
0.0000230000	0.0007443357
0.0000231000	0.0007458006
0.0000232000	0.0007523924
0.0000233000	0.0007597166
0.0000234000	0.0007023436
0.0000235000	0.0007145506
0.0000236000	0.0007387205
0.0000237000	0.0007147947
0.0000238000	0.0007006346
0.0000239000	0.0006869627
0.0000240000	0.0007113768
0.0000241000	0.0007130857
0.0000242000	0.0007033201
0.0000243000	0.0006769529
0.0000244000	0.0006940428
0.0000245000	0.0007382322
0.0000246000	0.0006784178
0.0000247000	0.0007299314
0.0000248000	0.0006898924
0.0000249000	0.0007123533
0.0000250000	0.0006991697
0.0000251000	0.0007338377
0.0000252000	0.0007050291
0.0000253000	0.0007111326
0.0000254000	0.0006676756
0.0000255000	0.0006769529
0.0000256000	0.0007125975
0.0000257000	0.0006720701
0.0000258000	0.0006962400
0.0000259000	0.0006911131
0.0000260000	0.0006947752
0.0000261000	0.0006991697
0.0000262000	0.0006588865
0.0000263000	0.0006642576
0.0000264000	0.0006725584
0.0000265000	0.0006408201
0.0000266000	0.0006522947
0.0000267000	0.0006981932
0.0000268000	0.0006698728
0.0000269000	0.0006522947
0.0000270000	0.0006691404
0.0000271000	0.0006425291
0.0000272000	0.0006571775
0.0000273000	0.0006588865
0.0000274000	0.0006618162
0.0000275000	0.0006510740
0.0000276000	0.0006281248
0.0000277000	0.0006715818
0.0000278000	0.0006662107
0.0000279000	0.0006542478
0.0000280000	0.0006676756
0.0000281000	0.0006383787
0.0000282000	0.0006183592
0.0000283000	0.0006291014
0.0000284000	0.0006242185
0.0000285000	0.0006581541
0.0000286000	0.0006378904
0.0000287000	0.0006574217
0.0000288000	0.0006398435
0.0000289000	0.0006349607
0.0000290000	0.0006264158
0.0000291000	0.0006618162
0.0000292000	0.0006330076
0.0000293000	0.0006059080
0.0000294000	0.0006591307
0.0000295000	0.0006154295
0.0000296000	0.0006032225
0.0000297000	0.0005595213
0.0000298000	0.0006100584
0.0000299000	0.0006168943
0.0000300000	0.0006085935
0.0000301000	0.0005888182
0.0000302000	0.0006186033
0.0000303000	0.0006376463
0.0000304000	0.0006117674
0.0000305000	0.0006103025
0.0000306000	0.0005858885
0.0000307000	0.0006103025
0.0000308000	0.0006071287
0.0000309000	0.0005854002
0.0000310000	0.0006493650
0.0000311000	0.0006156736
0.0000312000	0.0006124998
0.0000313000	0.0005817381
0.0000314000	0.0006012693
0.0000315000	0.0005768553
0.0000316000	0.0005587889
0.0000317000	0.0006146971
0.0000318000	0.0005683103
0.0000319000	0.0005746580
0.0000320000	0.0005941892
0.0000321000	0.0005817381
0.0000322000	0.0005612303
0.0000323000	0.0005895506
0.0000324000	0.0005673338
0.0000325000	0.0005534178
0.0000326000	0.0005585447
0.0000327000	0.0005595213
0.0000328000	0.0005915037
0.0000329000	0.0005736814
0.0000330000	0.0005451170
0.0000331000	0.0005792967
0.0000332000	0.0005634275
0.0000333000	0.0005475584
0.0000334000	0.0005878416
0.0000335000	0.0005807615
0.0000336000	0.0005595213
0.0000337000	0.0005705076
0.0000338000	0.0005524412
0.0000339000	0.0005307127
0.0000340000	0.0005438963
0.0000341000	0.0005170408
0.0000342000	0.0005470701
0.0000343000	0.0005573240
0.0000344000	0.0005341307
0.0000345000	0.0005509764
0.0000346000	0.0005451170
0.0000347000	0.0005363279
0.0000348000	0.0005268064
0.0000349000	0.0005731932
0.0000350000	0.0005519529
0.0000351000	0.0005495115
0.0000352000	0.0004992185
0.0000353000	0.0005441404
0.0000354000	0.0005360838
0.0000355000	0.0005255857
0.0000356000	0.0005260740
0.0000357000	0.0005253416
0.0000358000	0.0005148435
0.0000359000	0.0005434080
0.0000360000	0.0005082517
0.0000361000	0.0005265623
0.0000362000	0.0005341307
0.0000363000	0.0005326658
0.0000364000	0.0005011717
0.0000365000	0.0005119139
0.0000366000	0.0005224119
0.0000367000	0.0005312010
0.0000368000	0.0005553709
0.0000369000	0.0005351072
0.0000370000	0.0005036131
0.0000371000	0.0004994627
0.0000372000	0.0004979978
0.0000373000	0.0005338865
0.0000374000	0.0005099607
0.0000375000	0.0005297361
0.0000376000	0.0005253416
0.0000377000	0.0005048338
0.0000378000	0.0005219236
0.0000379000	0.0004818846
0.0000380000	0.0004882322
0.0000381000	0.0004889646
0.0000382000	0.0005124021
0.0000383000	0.0004921385
0.0000384000	0.0004911619
0.0000385000	0.0004862791
0.0000386000	0.0004877439
0.0000387000	0.0004723631
0.0000388000	0.0004748045
0.0000389000	0.0004713865
0.0000390000	0.0005023924
0.0000391000	0.0004645506
0.0000392000	0.0004625974
0.0000393000	0.0004708982
0.0000394000	0.0004730955
0.0000395000	0.0004889646
0.0000396000	0.0004804197
0.0000397000	0.0004743162
0.0000398000	0.0004689451
0.0000399000	0.0004406248
0.0000400000	0.0004689451
0.0000401000	0.0004865232
0.0000402000	0.0005060545
0.0000403000	0.0004596678
0.0000404000	0.0004481931
0.0000405000	0.0004684568
0.0000406000	0.0004369627
0.0000407000	0.0004674803
0.0000408000	0.0004486814
0.0000409000	0.0004594236
0.0000410000	0.0004669920
0.0000411000	0.0004738279
0.0000412000	0.0004484373
0.0000413000	0.0004281736
0.0000414000	0.0004772459
0.0000415000	0.0004596678
0.0000416000	0.0004630857
0.0000417000	0.0004838377
0.0000418000	0.0004274412
0.0000419000	0.0004423338
0.0000420000	0.0004469724
0.0000421000	0.0004391599
0.0000422000	0.0004440428
0.0000423000	0.0004374510
0.0000424000	0.0004110838
0.0000425000	0.0004406248
0.0000426000	0.0004347654
0.0000427000	0.0004354978
0.0000428000	0.0004428221
0.0000429000	0.0004420896
0.0000430000	0.0004494139
0.0000431000	0.0004318357
0.0000432000	0.0004315916
0.0000433000	0.0004127928
0.0000434000	0.0004198728
0.0000435000	0.0004396482
0.0000436000	0.0004542967
0.0000437000	0.0004398924
0.0000438000	0.0004098631
0.0000439000	0.0004416014
0.0000440000	0.0004345213
0.0000441000	0.0004137693
0.0000442000	0.0004323240
0.0000443000	0.0004076658
0.0000444000	0.0004437986
0.0000445000	0.0004276853
0.0000446000	0.0004113279
0.0000447000	0.0004330564
0.0000448000	0.0004064451
0.0000449000	0.0004164549
0.0000450000	0.0003825193
0.0000451000	0.0003847166
0.0000452000	0.0003957029
0.0000453000	0.0004228025
0.0000454000	0.0003903318
0.0000455000	0.0003969236
0.0000456000	0.0004176756
0.0000457000	0.0004044920
0.0000458000	0.0003895994
0.0000459000	0.0004145017
0.0000460000	0.0003700681
0.0000461000	0.0004249998
0.0000462000	0.0003925291
0.0000463000	0.0003793455
0.0000464000	0.0003761717
0.0000465000	0.0004152342
0.0000466000	0.0003988767
0.0000467000	0.0003920408
0.0000468000	0.0003939939
0.0000469000	0.0003852049
0.0000470000	0.0004101072
0.0000471000	0.0003876463
0.0000472000	0.0003439451
0.0000473000	0.0003798338
0.0000474000	0.0003983885
0.0000475000	0.0003700681
0.0000476000	0.0003922849
0.0000477000	0.0003729978
0.0000478000	0.0003957029
0.0000479000	0.0003654295
0.0000480000	0.0003681150
0.0000481000	0.0003905760
0.0000482000	0.0004059568
0.0000483000	0.0003922849
0.0000484000	0.0003637205
0.0000485000	0.0003742185
0.0000486000	0.0004127928
0.0000487000	0.0003769041
0.0000488000	0.0003864256
0.0000489000	0.0003888670
0.0000490000	0.0003588377
0.0000491000	0.0003541990
0.0000492000	0.0003607908
0.0000493000	0.0003419920
0.0000494000	0.0003952146
0.0000495000	0.0003666502
0.0000496000	0.0003627439
0.0000497000	0.0003673826
0.0000498000	0.0003524900
0.0000499000	0.0003722654
0.0000500000	0.0003224607
0.0000501000	0.0003676267
0.0000502000	0.0003720213
0.0000503000	0.0003903318
0.0000504000	0.0003444334
0.0000505000	0.0003258787
0.0000506000	0.0003568845
0.0000507000	0.0003778806
0.0000508000	0.0003458982
0.0000509000	0.0003671385
0.0000510000	0.0003468748
0.0000511000	0.0003373533
0.0000512000	0.0003566404
0.0000513000	0.0003568845
0.0000514000	0.0003317381
0.0000515000	0.0003319822
0.0000516000	0.0003307615
0.0000517000	0.0003451658
0.0000518000	0.0003339353
0.0000519000	0.0003417478
0.0000520000	0.0003302732
0.0000521000	0.0003256345
0.0000522000	0.0003322263
0.0000523000	0.0003310056
0.0000524000	0.0003493162
0.0000525000	0.0003305174
0.0000526000	0.0003117185
0.0000527000	0.0003263670
0.0000528000	0.0003439451
0.0000529000	0.0003346678
0.0000530000	0.0003339353
0.0000531000	0.0003205076
0.0000532000	0.0003385740
0.0000533000	0.0003034178
0.0000534000	0.0003507810
0.0000535000	0.0003200193
0.0000536000	0.0003229490
0.0000537000	0.0003476072
0.0000538000	0.0003246580
0.0000539000	0.0003097654
0.0000540000	0.0003339353
0.0000541000	0.0003244138
0.0000542000	0.0003122068
0.0000543000	0.0003227049
0.0000544000	0.0003146482
0.0000545000	0.0003195310
0.0000546000	0.0003285642
0.0000547000	0.0003097654
0.0000548000	0.0003310056
0.0000549000	0.0003363767
0.0000550000	0.0003173338
0.0000551000	0.0003297849
0.0000552000	0.0003114744
0.0000553000	0.0003366209
0.0000554000	0.0003087888
0.0000555000	0.0003283201
0.0000556000	0.0003126951
0.0000557000	0.0003231931
0.0000558000	0.0003051267
0.0000559000	0.0003380857
0.0000560000	0.0003075681
0.0000561000	0.0003070799
0.0000562000	0.0003007322
0.0000563000	0.0003126951
0.0000564000	0.0003112303
0.0000565000	0.0002999998
0.0000566000	0.0003239256
0.0000567000	0.0002963377
0.0000568000	0.0002965818
0.0000569000	0.0002919431
0.0000570000	0.0003124510
0.0000571000	0.0003117185
0.0000572000	0.0002885252
0.0000573000	0.0002812010
0.0000574000	0.0002880369
0.0000575000	0.0003100095
0.0000576000	0.0002916990
0.0000577000	0.0003246580
0.0000578000	0.0002890135
0.0000579000	0.0003097654
0.0000580000	0.0002958494
0.0000581000	0.0002738767
0.0000582000	0.0003073240
0.0000583000	0.0003021970
0.0000584000	0.0002831541
0.0000585000	0.0003068357
0.0000586000	0.0002824217
0.0000587000	0.0002956052
0.0000588000	0.0002877927
0.0000589000	0.0002863279
0.0000590000	0.0002882810
0.0000591000	0.0002729002
0.0000592000	0.0002821775
0.0000593000	0.0002721677
0.0000594000	0.0002709470
0.0000595000	0.0002956052
0.0000596000	0.0002689939
0.0000597000	0.0002890135
0.0000598000	0.0002760740
0.0000599000	0.0002724119
0.0000600000	0.0002553220
0.0000601000	0.0002697263
0.0000602000	0.0002870603
0.0000603000	0.0002919431
0.0000604000	0.0002677732
0.0000605000	0.0002614256
0.0000606000	0.0002760740
0.0000607000	0.0002782713
0.0000608000	0.0002963377
0.0000609000	0.0002545896
0.0000610000	0.0002619138
0.0000611000	0.0002682615
0.0000612000	0.0002802244
0.0000613000	0.0002619138
0.0000614000	0.0002873045
0.0000615000	0.0002658201
0.0000616000	0.0002763181
0.0000617000	0.0002475095
0.0000618000	0.0002582517
0.0000619000	0.0002672849
0.0000620000	0.0002733885
0.0000621000	0.0002663084
0.0000622000	0.0002719236
0.0000623000	0.0002790037
0.0000624000	0.0002724119
0.0000625000	0.0002829099
0.0000626000	0.0002721677
0.0000627000	0.0002521482
0.0000628000	0.0002660642
0.0000629000	0.0002687498
0.0000630000	0.0002443357
0.0000631000	0.0002577635
0.0000632000	0.0002633787
0.0000633000	0.0002702146
0.0000634000	0.0002511717
0.0000635000	0.0002504392
0.0000636000	0.0002411619
0.0000637000	0.0002729002
0.0000638000	0.0002714353
0.0000639000	0.0002448240
0.0000640000	0.0002611814
0.0000641000	0.0002550779
0.0000642000	0.0002707029
0.0000643000	0.0002516599
0.0000644000	0.0002367674
0.0000645000	0.0002597166
0.0000646000	0.0002604490
0.0000647000	0.0002489744
0.0000648000	0.0002394529
0.0000649000	0.0002567869
0.0000650000	0.0002602049
0.0000651000	0.0002379881
0.0000652000	0.0002462888
0.0000653000	0.0002436033
0.0000654000	0.0002291990
0.0000655000	0.0002260252
0.0000656000	0.0002538572
0.0000657000	0.0002484861
0.0000658000	0.0002787595
0.0000659000	0.0002348142
0.0000660000	0.0002472654
0.0000661000	0.0002265134
0.0000662000	0.0002433592
0.0000663000	0.0002406736
0.0000664000	0.0002355467
0.0000665000	0.0002428709
0.0000666000	0.0002277342
0.0000667000	0.0002326170
0.0000668000	0.0002191892
0.0000669000	0.0002377439
0.0000670000	0.0002196775
0.0000671000	0.0002157713
0.0000672000	0.0002604490
0.0000673000	0.0002208982
0.0000674000	0.0002272459
0.0000675000	0.0002396970
0.0000676000	0.0002326170
0.0000677000	0.0002240720
0.0000678000	0.0002279783
0.0000679000	0.0002196775
0.0000680000	0.0002389646
0.0000681000	0.0002331052
0.0000682000	0.0002260252
0.0000683000	0.0002091795
0.0000684000	0.0002309080
0.0000685000	0.0002108884
0.0000686000	0.0002133299
0.0000687000	0.0002443357
0.0000688000	0.0002201658
0.0000689000	0.0002438474
0.0000690000	0.0002150388
0.0000691000	0.0002099119
0.0000692000	0.0002177244
0.0000693000	0.0002248045
0.0000694000	0.0002321287
0.0000695000	0.0002162595
0.0000696000	0.0002020994
0.0000697000	0.0002233396
0.0000698000	0.0002096677
0.0000699000	0.0002406736
0.0000700000	0.0002082029
0.0000701000	0.0002074705
0.0000702000	0.0002111326
0.0000703000	0.0002128416
0.0000704000	0.0001872068
0.0000705000	0.0002245603
0.0000706000	0.0002172361
0.0000707000	0.0002194334
0.0000708000	0.0002125974
0.0000709000	0.0002062498
0.0000710000	0.0002020994
0.0000711000	0.0002174802
0.0000712000	0.0002157713
0.0000713000	0.0002096677
0.0000714000	0.0002291990
0.0000715000	0.0002335935
0.0000716000	0.0001994138
0.0000717000	0.0001999021
0.0000718000	0.0002067381
0.0000719000	0.0002060056
0.0000720000	0.0002086912
0.0000721000	0.0001955076
0.0000722000	0.0002135740
0.0000723000	0.0002055174
0.0000724000	0.0002228513
0.0000725000	0.0002020994
0.0000726000	0.0001952634
0.0000727000	0.0002074705
0.0000728000	0.0001974607
0.0000729000	0.0002077146
0.0000730000	0.0002099119
0.0000731000	0.0002040525
0.0000732000	0.0001930662
0.0000733000	0.0001981931
0.0000734000	0.0001852537
0.0000735000	0.0001869627
0.0000736000	0.0001952634
0.0000737000	0.0002108884
0.0000738000	0.0002016111
0.0000739000	0.0001972166
0.0000740000	0.0002091795
0.0000741000	0.0001947752
0.0000742000	0.0001693845
0.0000743000	0.0001928220
0.0000744000	0.0001925779
0.0000745000	0.0002155271
0.0000746000	0.0002067381
0.0000747000	0.0002006345
0.0000748000	0.0001925779
0.0000749000	0.0002240720
0.0000750000	0.0001659666
0.0000751000	0.0001881834
0.0000752000	0.0001759763
0.0000753000	0.0001930662
0.0000754000	0.0001869627
0.0000755000	0.0001918455
0.0000756000	0.0001942869
0.0000757000	0.0001898924
0.0000758000	0.0001920896
0.0000759000	0.0001933103
0.0000760000	0.0001889158
0.0000761000	0.0001913572
0.0000762000	0.0002069822
0.0000763000	0.0001930662
0.0000764000	0.0001850095
0.0000765000	0.0001823240
0.0000766000	0.0001691404
0.0000767000	0.0001879392
0.0000768000	0.0001813474
0.0000769000	0.0001979490
0.0000770000	0.0001901365
0.0000771000	0.0001752439
0.0000772000	0.0001808592
0.0000773000	0.0001811033
0.0000774000	0.0001664549
0.0000775000	0.0001881834
0.0000776000	0.0001710935
0.0000777000	0.0001891599
0.0000778000	0.0001715818
0.0000779000	0.0001637693
0.0000780000	0.0002057615
0.0000781000	0.0001999021
0.0000782000	0.0001835447
0.0000783000	0.0001713377
0.0000784000	0.0001518064
0.0000785000	0.0001896482
0.0000786000	0.0001842771
0.0000787000	0.0001906248
0.0000788000	0.0001749998
0.0000789000	0.0001557127
0.0000790000	0.0001696287
0.0000791000	0.0001813474
0.0000792000	0.0001776853
0.0000793000	0.0001891599
0.0000794000	0.0001474119
0.0000795000	0.0001828123
0.0000796000	0.0001603513
0.0000797000	0.0001776853
0.0000798000	0.0001518064
0.0000799000	0.0001684080
0.0000800000	0.0001625486
0.0000801000	0.0001752439
0.0000802000	0.0001818357
0.0000803000	0.0001625486
0.0000804000	0.0001652342
0.0000805000	0.0001618162
0.0000806000	0.0001728025
0.0000807000	0.0001610838
0.0000808000	0.0001691404
0.0000809000	0.0001657224
0.0000810000	0.0001508299
0.0000811000	0.0001640134
0.0000812000	0.0001579099
0.0000813000	0.0001620603
0.0000814000	0.0001610838
0.0000815000	0.0001498533
0.0000816000	0.0001420408
0.0000817000	0.0001708494
0.0000818000	0.0001305662
0.0000819000	0.0001835447
0.0000820000	0.0001498533
0.0000821000	0.0001591306
0.0000822000	0.0001732908
0.0000823000	0.0001693845
0.0000824000	0.0001642576
0.0000825000	0.0001444822
0.0000826000	0.0001596189
0.0000827000	0.0001581541
0.0000828000	0.0001605955
0.0000829000	0.0001715818
0.0000830000	0.0001559568
0.0000831000	0.0001615720
0.0000832000	0.0001559568
0.0000833000	0.0001623045
0.0000834000	0.0001391111
0.0000835000	0.0001522947
0.0000836000	0.0001488767
0.0000837000	0.0001725584
0.0000838000	0.0001703611
0.0000839000	0.0001500974
0.0000840000	0.0001530271
0.0000841000	0.0001564451
0.0000842000	0.0001479002
0.0000843000	0.0001833006
0.0000844000	0.0001503416
0.0000845000	0.0001601072
0.0000846000	0.0001491209
0.0000847000	0.0001417966
0.0000848000	0.0001415525
0.0000849000	0.0001378904
0.0000850000	0.0001378904
0.0000851000	0.0001581541
0.0000852000	0.0001466795
0.0000853000	0.0001474119
0.0000854000	0.0001549802
0.0000855000	0.0001637693
0.0000856000	0.0001325193
0.0000857000	0.0001498533
0.0000858000	0.0001383787
0.0000859000	0.0001398435
0.0000860000	0.0001498533
0.0000861000	0.0001312986
0.0000862000	0.0001234861
0.0000863000	0.0001508299
0.0000864000	0.0001308103
0.0000865000	0.0001457029
0.0000866000	0.0001496091
0.0000867000	0.0001518064
0.0000868000	0.0001398435
0.0000869000	0.0001352049
0.0000870000	0.0001430174
0.0000871000	0.0001337400
0.0000872000	0.0001398435
0.0000873000	0.0001349607
0.0000874000	0.0001310545
0.0000875000	0.0001591306
0.0000876000	0.0001405759
0.0000877000	0.0001486326
0.0000878000	0.0001388670
0.0000879000	0.0001479002
0.0000880000	0.0001376463
0.0000881000	0.0001437498
0.0000882000	0.0001366697
0.0000883000	0.0001452146
0.0000884000	0.0001144529
0.0000885000	0.0001581541
0.0000886000	0.0001430174
0.0000887000	0.0001410642
0.0000888000	0.0001317869
0.0000889000	0.0001210447
0.0000890000	0.0001562009
0.0000891000	0.0001403318
0.0000892000	0.0001298338
0.0000893000	0.0001281248
0.0000894000	0.0001137205
0.0000895000	0.0001286131
0.0000896000	0.0001417966
0.0000897000	0.0001312986
0.0000898000	0.0001356931
0.0000899000	0.0001332517
0.0000900000	0.0001273924
0.0000901000	0.0001330076
0.0000902000	0.0001303220
0.0000903000	0.0001332517
0.0000904000	0.0001146970
0.0000905000	0.0001312986
0.0000906000	0.0001291013
0.0000907000	0.0001308103
0.0000908000	0.0001315427
0.0000909000	0.0001222654
0.0000910000	0.0001364256
0.0000911000	0.0001261716
0.0000912000	0.0001295896
0.0000913000	0.0001400877
0.0000914000	0.0001261716
0.0000915000	0.0001200681
0.0000916000	0.0001322752
0.0000917000	0.0001212888
0.0000918000	0.0001261716
0.0000919000	0.0001366697
0.0000920000	0.0001332517
0.0000921000	0.0001520506
0.0000922000	0.0001408201
0.0000923000	0.0001303220
0.0000924000	0.0001276365
0.0000925000	0.0001608396
0.0000926000	0.0001378904
0.0000927000	0.0001288572
0.0000928000	0.0001342283
0.0000929000	0.0001264158
0.0000930000	0.0001354490
0.0000931000	0.0001376463
0.0000932000	0.0001212888
0.0000933000	0.0001295896
0.0000934000	0.0001337400
0.0000935000	0.0001193357
0.0000936000	0.0001315427
0.0000937000	0.0001215330
0.0000938000	0.0001200681
0.0000939000	0.0001281248
0.0000940000	0.0001276365
0.0000941000	0.0001046873
0.0000942000	0.0001395994
0.0000943000	0.0001388670
0.0000944000	0.0001159177
0.0000945000	0.0001239744
0.0000946000	0.0001315427
0.0000947000	0.0001374021
0.0000948000	0.0001325193
0.0000949000	0.0001359373
0.0000950000	0.0001283689
0.0000951000	0.0001256834
0.0000952000	0.0001227537
0.0000953000	0.0001171384
0.0000954000	0.0001168943
0.0000955000	0.0001173826
0.0000956000	0.0001283689
0.0000957000	0.0001288572
0.0000958000	0.0001208006
0.0000959000	0.0001127439
0.0000960000	0.0001291013
0.0000961000	0.0001144529
0.0000962000	0.0001203123
0.0000963000	0.0001117674
0.0000964000	0.0001303220
0.0000965000	0.0001164060
0.0000966000	0.0001037107
0.0000967000	0.0001186033
0.0000968000	0.0001435056
0.0000969000	0.0001247068
0.0000970000	0.0001225095
0.0000971000	0.0001037107
0.0000972000	0.0001342283
0.0000973000	0.0001146970
0.0000974000	0.0001076170
0.0000975000	0.0001188474
0.0000976000	0.0001144529
0.0000977000	0.0001203123
0.0000978000	0.0001115232
0.0000979000	0.0001115232
0.0000980000	0.0001076170
0.0000981000	0.0001176267
0.0000982000	0.0001161619
0.0000983000	0.0001139646
0.0000984000	0.0001149412
0.0000985000	0.0001220213
0.0000986000	0.0001122556
0.0000987000	0.0001291013
0.0000988000	0.0001088377
0.0000989000	0.0001115232
0.0000990000	0.0001137205
0.0000991000	0.0001039549
0.0000992000	0.0000856443
0.0000993000	0.0001159177
0.0000994000	0.0000993162
0.0000995000	0.0001127439
0.0000996000	0.0001234861
0.0000997000	0.0001078611
0.0000998000	0.0001112791
0.0000999000	0.0001088377
0.0001000000	0.0001037107
0.0001001000	0.0001139646
0.0001002000	0.0001098142
0.0001003000	0.0001081052
0.0001004000	0.0001164060
0.0001005000	0.0001037107
0.0001006000	0.0001132322
0.0001007000	0.0000924802
0.0001008000	0.0000937009
0.0001009000	0.0001112791
0.0001010000	0.0000980955
0.0001011000	0.0000988279
0.0001012000	0.0001041990
0.0001013000	0.0000875974
0.0001014000	0.0000905271
0.0001015000	0.0001066404
0.0001016000	0.0001015134
0.0001017000	0.0000998045
0.0001018000	0.0001151853
0.0001019000	0.0001068845
0.0001020000	0.0001151853
0.0001021000	0.0000961423
0.0001022000	0.0000968748
0.0001023000	0.0000995603
0.0001024000	0.0000924802
0.0001025000	0.0000971189
0.0001026000	0.0000971189
0.0001027000	0.0001015134
0.0001028000	0.0000949216
0.0001029000	0.0001134763
0.0001030000	0.0000954099
0.0001031000	0.0000954099
0.0001032000	0.0001005369
0.0001033000	0.0001049314
0.0001034000	0.0001142088
0.0001035000	0.0001132322
0.0001036000	0.0001017576
0.0001037000	0.0000993162
0.0001038000	0.0001081052
0.0001039000	0.0000966306
0.0001040000	0.0001120115
0.0001041000	0.0000980955
0.0001042000	0.0000875974
0.0001043000	0.0000822263
0.0001044000	0.0001090818
0.0001045000	0.0000980955
0.0001046000	0.0000900388
0.0001047000	0.0001017576
0.0001048000	0.0000912595
0.0001049000	0.0001022459
0.0001050000	0.0001110349
0.0001051000	0.0001000486
0.0001052000	0.0001100584
0.0001053000	0.0000856443
0.0001054000	0.0000912595
0.0001055000	0.0000805173
0.0001056000	0.0000907713
0.0001057000	0.0000871091
0.0001058000	0.0001029783
0.0001059000	0.0000868650
0.0001060000	0.0000883298
0.0001061000	0.0000854002
0.0001062000	0.0000836912
0.0001063000	0.0000807615
0.0001064000	0.0001208006
0.0001065000	0.0000856443
0.0001066000	0.0001029783
0.0001067000	0.0000993162
0.0001068000	0.0000871091
0.0001069000	0.0000878416
0.0001070000	0.0000844236
0.0001071000	0.0000995603
0.0001072000	0.0000778318
0.0001073000	0.0000998045
0.0001074000	0.0000871091
0.0001075000	0.0000773435
0.0001076000	0.0000890623
0.0001077000	0.0000922361
0.0001078000	0.0000956541
0.0001079000	0.0000900388
0.0001080000	0.0000868650
0.0001081000	0.0000927244
0.0001082000	0.0000861326
0.0001083000	0.0001117674
0.0001084000	0.0000841795
0.0001085000	0.0000888181
0.0001086000	0.0000753904
0.0001087000	0.0000751463
0.0001088000	0.0000944334
0.0001089000	0.0000834470
0.0001090000	0.0000712400
0.0001091000	0.0000678220
0.0001092000	0.0000888181
0.0001093000	0.0000924802
0.0001094000	0.0000868650
0.0001095000	0.0000861326
0.0001096000	0.0000822263
0.0001097000	0.0000919920
0.0001098000	0.0000871091
0.0001099000	0.0000983396
0.0001100000	0.0000795408
0.0001101000	0.0000888181
0.0001102000	0.0000805173
0.0001103000	0.0000895506
0.0001104000	0.0000910154
0.0001105000	0.0000932127
0.0001106000	0.0000854002
0.0001107000	0.0000849119
0.0001108000	0.0000841795
0.0001109000	0.0000844236
0.0001110000	0.0000854002
0.0001111000	0.0000790525
0.0001112000	0.0000734373
0.0001113000	0.0000868650
0.0001114000	0.0000861326
0.0001115000	0.0000746580
0.0001116000	0.0000946775
0.0001117000	0.0000780759
0.0001118000	0.0000883298
0.0001119000	0.0000819822
0.0001120000	0.0000785642
0.0001121000	0.0000902830
0.0001122000	0.0000770994
0.0001123000	0.0000902830
0.0001124000	0.0000690427
0.0001125000	0.0000678220
0.0001126000	0.0000905271
0.0001127000	0.0000875974
0.0001128000	0.0000832029
0.0001129000	0.0000770994
0.0001130000	0.0001020017
0.0001131000	0.0000800291
0.0001132000	0.0000937009
0.0001133000	0.0000849119
0.0001134000	0.0000834470
0.0001135000	0.0000939451
0.0001136000	0.0000927244
0.0001137000	0.0000937009
0.0001138000	0.0000702634
0.0001139000	0.0000758787
0.0001140000	0.0000792966
0.0001141000	0.0000861326
0.0001142000	0.0000792966
0.0001143000	0.0000915037
0.0001144000	0.0000783201
0.0001145000	0.0000673338
0.0001146000	0.0000741697
0.0001147000	0.0000805173
0.0001148000	0.0000719724
0.0001149000	0.0000756345
0.0001150000	0.0000844236
0.0001151000	0.0000829588
0.0001152000	0.0000739256
0.0001153000	0.0000832029
0.0001154000	0.0000629392
0.0001155000	0.0000724607
0.0001156000	0.0000675779
0.0001157000	0.0000761228
0.0001158000	0.0000834470
0.0001159000	0.0000761228
0.0001160000	0.0000797849
0.0001161000	0.0000727048
0.0001162000	0.0000800291
0.0001163000	0.0000739256
0.0001164000	0.0000663572
0.0001165000	0.0000812498
0.0001166000	0.0000790525
0.0001167000	0.0000802732
0.0001168000	0.0000846677
0.0001169000	0.0000702634
0.0001170000	0.0000719724
0.0001171000	0.0000827146
0.0001172000	0.0000670896
0.0001173000	0.0000624509
0.0001174000	0.0000839353
0.0001175000	0.0000861326
0.0001176000	0.0000788084
0.0001177000	0.0000705076
0.0001178000	0.0000724607
0.0001179000	0.0000761228
0.0001180000	0.0000817381
0.0001181000	0.0000722166
0.0001182000	0.0000661131
0.0001183000	0.0000675779
0.0001184000	0.0000622068
0.0001185000	0.0000709959
0.0001186000	0.0000741697
0.0001187000	0.0000866209
0.0001188000	0.0000717283
0.0001189000	0.0000744138
0.0001190000	0.0000636716
0.0001191000	0.0000741697
0.0001192000	0.0000810056
0.0001193000	0.0000612302
0.0001194000	0.0000680662
0.0001195000	0.0000819822
0.0001196000	0.0000707517
0.0001197000	0.0000734373
0.0001198000	0.0000719724
0.0001199000	0.0000641599
0.0001200000	0.0000753904
0.0001201000	0.0000546384
0.0001202000	0.0000807615
0.0001203000	0.0000770994
0.0001204000	0.0000822263
0.0001205000	0.0000668455
0.0001206000	0.0000619627
0.0001207000	0.0000656248
0.0001208000	0.0000790525
0.0001209000	0.0000717283
0.0001210000	0.0000690427
0.0001211000	0.0000739256
0.0001212000	0.0000680662
0.0001213000	0.0000578123
0.0001214000	0.0000536619
0.0001215000	0.0000722166
0.0001216000	0.0000741697
0.0001217000	0.0000812498
0.0001218000	0.0000612302
0.0001219000	0.0000683103
0.0001220000	0.0000656248
0.0001221000	0.0000683103
0.0001222000	0.0000729490
0.0001223000	0.0000629392
0.0001224000	0.0000602537
0.0001225000	0.0000705076
0.0001226000	0.0000604978
0.0001227000	0.0000709959
0.0001228000	0.0000609861
0.0001229000	0.0000780759
0.0001230000	0.0000797849
0.0001231000	0.0000883298
0.0001232000	0.0000758787
0.0001233000	0.0000563474
0.0001234000	0.0000741697
0.0001235000	0.0000651365
0.0001236000	0.0000646482
0.0001237000	0.0000512205
0.0001238000	0.0000653806
0.0001239000	0.0000612302
0.0001240000	0.0000602537
0.0001241000	0.0000648923
0.0001242000	0.0000583006
0.0001243000	0.0000663572
0.0001244000	0.0000497556
0.0001245000	0.0000529295
0.0001246000	0.0000534177
0.0001247000	0.0000714841
0.0001248000	0.0000612302
0.0001249000	0.0000661131
0.0001250000	0.0000556150
0.0001251000	0.0000612302
0.0001252000	0.0000463377
0.0001253000	0.0000687986
0.0001254000	0.0000416990
0.0001255000	0.0000714841
0.0001256000	0.0000565916
0.0001257000	0.0000568357
0.0001258000	0.0000810056
0.0001259000	0.0000709959
0.0001260000	0.0000624509
0.0001261000	0.0000629392
0.0001262000	0.0000648923
0.0001263000	0.0000614744
0.0001264000	0.0000700193
0.0001265000	0.0000609861
0.0001266000	0.0000590330
0.0001267000	0.0000670896
0.0001268000	0.0000590330
0.0001269000	0.0000619627
0.0001270000	0.0000651365
0.0001271000	0.0000714841
0.0001272000	0.0000517088
0.0001273000	0.0000570798
0.0001274000	0.0000482908
0.0001275000	0.0000597654
0.0001276000	0.0000683103
0.0001277000	0.0000568357
0.0001278000	0.0000580564
0.0001279000	0.0000561033
0.0001280000	0.0000734373
0.0001281000	0.0000443845
0.0001282000	0.0000626951
0.0001283000	0.0000622068
0.0001284000	0.0000687986
0.0001285000	0.0000575681
0.0001286000	0.0000619627
0.0001287000	0.0000644041
0.0001288000	0.0000656248
0.0001289000	0.0000758787
0.0001290000	0.0000526853
0.0001291000	0.0000641599
0.0001292000	0.0000661131
0.0001293000	0.0000727048
0.0001294000	0.0000602537
0.0001295000	0.0000661131
0.0001296000	0.0000529295
0.0001297000	0.0000675779
0.0001298000	0.0000631834
0.0001299000	0.0000453611
0.0001300000	0.0000539060
0.0001301000	0.0000741697
0.0001302000	0.0000446287
0.0001303000	0.0000666013
0.0001304000	0.0000497556
0.0001305000	0.0000539060
0.0001306000	0.0000695310
0.0001307000	0.0000600095
0.0001308000	0.0000685545
0.0001309000	0.0000634275
0.0001310000	0.0000487791
0.0001311000	0.0000719724
0.0001312000	0.0000548826
0.0001313000	0.0000639158
0.0001314000	0.0000583006
0.0001315000	0.0000534177
0.0001316000	0.0000536619
0.0001317000	0.0000700193
0.0001318000	0.0000575681
0.0001319000	0.0000600095
0.0001320000	0.0000485349
0.0001321000	0.0000446287
0.0001322000	0.0000490232
0.0001323000	0.0000575681
0.0001324000	0.0000521970
0.0001325000	0.0000536619
0.0001326000	0.0000641599
0.0001327000	0.0000561033
0.0001328000	0.0000556150
0.0001329000	0.0000712400
0.0001330000	0.0000580564
0.0001331000	0.0000646482
0.0001332000	0.0000526853
0.0001333000	0.0000590330
0.0001334000	0.0000536619
0.0001335000	0.0000497556
0.0001336000	0.0000590330
0.0001337000	0.0000561033
0.0001338000	0.0000556150
0.0001339000	0.0000485349
0.0001340000	0.0000692869
0.0001341000	0.0000558591
0.0001342000	0.0000597654
0.0001343000	0.0000529295
0.0001344000	0.0000509763
0.0001345000	0.0000580564
0.0001346000	0.0000524412
0.0001347000	0.0000526853
0.0001348000	0.0000465818
0.0001349000	0.0000563474
0.0001350000	0.0000619627
0.0001351000	0.0000683103
0.0001352000	0.0000546384
0.0001353000	0.0000570798
0.0001354000	0.0000636716
0.0001355000	0.0000590330
0.0001356000	0.0000597654
0.0001357000	0.0000568357
0.0001358000	0.0000517088
0.0001359000	0.0000561033
0.0001360000	0.0000514646
0.0001361000	0.0000531736
0.0001362000	0.0000468259
0.0001363000	0.0000548826
0.0001364000	0.0000546384
0.0001365000	0.0000524412
0.0001366000	0.0000485349
0.0001367000	0.0000553709
0.0001368000	0.0000517088
0.0001369000	0.0000551267
0.0001370000	0.0000390134
0.0001371000	0.0000622068
0.0001372000	0.0000468259
0.0001373000	0.0000507322
0.0001374000	0.0000624509
0.0001375000	0.0000595213
0.0001376000	0.0000504881
0.0001377000	0.0000607420
0.0001378000	0.0000597654
0.0001379000	0.0000641599
0.0001380000	0.0000512205
0.0001381000	0.0000485349
0.0001382000	0.0000595213
0.0001383000	0.0000312009
0.0001384000	0.0000470701
0.0001385000	0.0000470701
0.0001386000	0.0000395017
0.0001387000	0.0000597654
0.0001388000	0.0000499998
0.0001389000	0.0000558591
0.0001390000	0.0000497556
0.0001391000	0.0000392576
0.0001392000	0.0000355955
0.0001393000	0.0000607420
0.0001394000	0.0000529295
0.0001395000	0.0000585447
0.0001396000	0.0000438963
0.0001397000	0.0000448728
0.0001398000	0.0000480466
0.0001399000	0.0000519529
0.0001400000	0.0000617185
0.0001401000	0.0000524412
0.0001402000	0.0000573240
0.0001403000	0.0000480466
0.0001404000	0.0000509763
0.0001405000	0.0000460935
0.0001406000	0.0000521970
0.0001407000	0.0000475584
0.0001408000	0.0000421873
0.0001409000	0.0000592771
0.0001410000	0.0000585447
0.0001411000	0.0000504881
0.0001412000	0.0000539060
0.0001413000	0.0000529295
0.0001414000	0.0000499998
0.0001415000	0.0000563474
0.0001416000	0.0000465818
0.0001417000	0.0000634275
0.0001418000	0.0000565916
0.0001419000	0.0000446287
0.0001420000	0.0000416990
0.0001421000	0.0000509763
0.0001422000	0.0000287595
0.0001423000	0.0000578123
0.0001424000	0.0000509763
0.0001425000	0.0000443845
0.0001426000	0.0000451170
0.0001427000	0.0000475584
0.0001428000	0.0000368162
0.0001429000	0.0000553709
0.0001430000	0.0000436521
0.0001431000	0.0000429197
0.0001432000	0.0000416990
0.0001433000	0.0000414548
0.0001434000	0.0000346189
0.0001435000	0.0000517088
0.0001436000	0.0000502439
0.0001437000	0.0000509763
0.0001438000	0.0000431638
0.0001439000	0.0000634275
0.0001440000	0.0000604978
0.0001441000	0.0000434080
0.0001442000	0.0000536619
0.0001443000	0.0000485349
0.0001444000	0.0000499998
0.0001445000	0.0000490232
0.0001446000	0.0000519529
0.0001447000	0.0000348631
0.0001448000	0.0000583006
0.0001449000	0.0000561033
0.0001450000	0.0000565916
0.0001451000	0.0000529295
0.0001452000	0.0000480466
0.0001453000	0.0000536619
0.0001454000	0.0000475584
0.0001455000	0.0000548826
0.0001456000	0.0000414548
0.0001457000	0.0000338865
0.0001458000	0.0000341306
0.0001459000	0.0000487791
0.0001460000	0.0000512205
0.0001461000	0.0000348631
0.0001462000	0.0000397459
0.0001463000	0.0000521970
0.0001464000	0.0000316892
0.0001465000	0.0000448728
0.0001466000	0.0000563474
0.0001467000	0.0000348631
0.0001468000	0.0000465818
0.0001469000	0.0000307127
0.0001470000	0.0000333982
0.0001471000	0.0000307127
0.0001472000	0.0000451170
0.0001473000	0.0000451170
0.0001474000	0.0000426756
0.0001475000	0.0000453611
0.0001476000	0.0000358396
0.0001477000	0.0000512205
0.0001478000	0.0000431638
0.0001479000	0.0000480466
0.0001480000	0.0000316892
0.0001481000	0.0000458494
0.0001482000	0.0000470701
0.0001483000	0.0000416990
0.0001484000	0.0000529295
0.0001485000	0.0000546384
0.0001486000	0.0000402341
0.0001487000	0.0000407224
0.0001488000	0.0000485349
0.0001489000	0.0000495115
0.0001490000	0.0000285154
0.0001491000	0.0000485349
0.0001492000	0.0000385252
0.0001493000	0.0000431638
0.0001494000	0.0000409666
0.0001495000	0.0000541502
0.0001496000	0.0000416990
0.0001497000	0.0000624509
0.0001498000	0.0000490232
0.0001499000	0.0000473142
0.0001500000	0.0000497556
0.0001501000	0.0000346189
0.0001502000	0.0000392576
0.0001503000	0.0000414548
0.0001504000	0.0000512205
0.0001505000	0.0000453611
0.0001506000	0.0000402341
0.0001507000	0.0000512205
0.0001508000	0.0000370603
0.0001509000	0.0000314451
0.0001510000	0.0000399900
0.0001511000	0.0000348631
0.0001512000	0.0000421873
0.0001513000	0.0000587888
0.0001514000	0.0000297361
0.0001515000	0.0000319334
0.0001516000	0.0000312009
0.0001517000	0.0000602537
0.0001518000	0.0000377927
0.0001519000	0.0000475584
0.0001520000	0.0000363279
0.0001521000	0.0000314451
0.0001522000	0.0000229002
0.0001523000	0.0000414548
0.0001524000	0.0000470701
0.0001525000	0.0000346189
0.0001526000	0.0000495115
0.0001527000	0.0000470701
0.0001528000	0.0000397459
0.0001529000	0.0000426756
0.0001530000	0.0000243650
0.0001531000	0.0000390134
0.0001532000	0.0000263181
0.0001533000	0.0000436521
0.0001534000	0.0000414548
0.0001535000	0.0000443845
0.0001536000	0.0000426756
0.0001537000	0.0000341306
0.0001538000	0.0000385252
0.0001539000	0.0000438963
0.0001540000	0.0000543943
0.0001541000	0.0000570798
0.0001542000	0.0000409666
0.0001543000	0.0000404783
0.0001544000	0.0000338865
0.0001545000	0.0000343748
0.0001546000	0.0000514646
0.0001547000	0.0000316892
0.0001548000	0.0000473142
0.0001549000	0.0000551267
0.0001550000	0.0000424314
0.0001551000	0.0000358396
0.0001552000	0.0000353513
0.0001553000	0.0000365720
0.0001554000	0.0000351072
0.0001555000	0.0000351072
0.0001556000	0.0000382810
0.0001557000	0.0000495115
0.0001558000	0.0000260740
0.0001559000	0.0000443845
0.0001560000	0.0000314451
0.0001561000	0.0000377927
0.0001562000	0.0000277830
0.0001563000	0.0000390134
0.0001564000	0.0000397459
0.0001565000	0.0000414548
0.0001566000	0.0000399900
0.0001567000	0.0000329099
0.0001568000	0.0000321775
0.0001569000	0.0000451170
0.0001570000	0.0000316892
0.0001571000	0.0000438963
0.0001572000	0.0000363279
0.0001573000	0.0000316892
0.0001574000	0.0000263181
0.0001575000	0.0000473142
0.0001576000	0.0000390134
0.0001577000	0.0000431638
0.0001578000	0.0000451170
0.0001579000	0.0000482908
0.0001580000	0.0000395017
0.0001581000	0.0000326658
0.0001582000	0.0000351072
0.0001583000	0.0000360838
0.0001584000	0.0000355955
0.0001585000	0.0000333982
0.0001586000	0.0000434080
0.0001587000	0.0000314451
0.0001588000	0.0000495115
0.0001589000	0.0000546384
0.0001590000	0.0000353513
0.0001591000	0.0000426756
0.0001592000	0.0000260740
0.0001593000	0.0000287595
0.0001594000	0.0000312009
0.0001595000	0.0000407224
0.0001596000	0.0000250974
0.0001597000	0.0000348631
0.0001598000	0.0000341306
0.0001599000	0.0000304685
0.0001600000	0.0000172849
0.0001601000	0.0000402341
0.0001602000	0.0000358396
0.0001603000	0.0000387693
0.0001604000	0.0000441404
0.0001605000	0.0000414548
0.0001606000	0.0000414548
0.0001607000	0.0000402341
0.0001608000	0.0000189939
0.0001609000	0.0000404783
0.0001610000	0.0000302244
0.0001611000	0.0000424314
0.0001612000	0.0000392576
0.0001613000	0.0000285154
0.0001614000	0.0000419431
0.0001615000	0.0000492673
0.0001616000	0.0000480466
0.0001617000	0.0000602537
0.0001618000	0.0000346189
0.0001619000	0.0000456052
0.0001620000	0.0000324216
0.0001621000	0.0000443845
0.0001622000	0.0000380369
0.0001623000	0.0000236326
0.0001624000	0.0000377927
0.0001625000	0.0000478025
0.0001626000	0.0000216795
0.0001627000	0.0000412107
0.0001628000	0.0000351072
0.0001629000	0.0000307127
0.0001630000	0.0000265623
0.0001631000	0.0000421873
0.0001632000	0.0000441404
0.0001633000	0.0000265623
0.0001634000	0.0000246091
0.0001635000	0.0000326658
0.0001636000	0.0000314451
0.0001637000	0.0000419431
0.0001638000	0.0000451170
0.0001639000	0.0000326658
0.0001640000	0.0000438963
0.0001641000	0.0000377927
0.0001642000	0.0000377927
0.0001643000	0.0000485349
0.0001644000	0.0000258298
0.0001645000	0.0000211912
0.0001646000	0.0000441404
0.0001647000	0.0000434080
0.0001648000	0.0000299802
0.0001649000	0.0000363279
0.0001650000	0.0000319334
0.0001651000	0.0000521970
0.0001652000	0.0000299802
0.0001653000	0.0000377927
0.0001654000	0.0000333982
0.0001655000	0.0000219236
0.0001656000	0.0000343748
0.0001657000	0.0000363279
0.0001658000	0.0000297361
0.0001659000	0.0000421873
0.0001660000	0.0000519529
0.0001661000	0.0000521970
0.0001662000	0.0000355955
0.0001663000	0.0000314451
0.0001664000	0.0000353513
0.0001665000	0.0000243650
0.0001666000	0.0000358396
0.0001667000	0.0000238767
0.0001668000	0.0000365720
0.0001669000	0.0000302244
0.0001670000	0.0000314451
0.0001671000	0.0000331541
0.0001672000	0.0000402341
0.0001673000	0.0000399900
0.0001674000	0.0000363279
0.0001675000	0.0000272947
0.0001676000	0.0000429197
0.0001677000	0.0000331541
0.0001678000	0.0000443845
0.0001679000	0.0000416990
0.0001680000	0.0000473142
0.0001681000	0.0000370603
0.0001682000	0.0000375486
0.0001683000	0.0000473142
0.0001684000	0.0000277830
0.0001685000	0.0000290037
0.0001686000	0.0000207029
0.0001687000	0.0000431638
0.0001688000	0.0000297361
0.0001689000	0.0000333982
0.0001690000	0.0000268064
0.0001691000	0.0000451170
0.0001692000	0.0000326658
0.0001693000	0.0000319334
0.0001694000	0.0000329099
0.0001695000	0.0000202146
0.0001696000	0.0000358396
0.0001697000	0.0000324216
0.0001698000	0.0000363279
0.0001699000	0.0000441404
0.0001700000	0.0000463377
0.0001701000	0.0000265623
0.0001702000	0.0000172849
0.0001703000	0.0000360838
0.0001704000	0.0000402341
0.0001705000	0.0000355955
0.0001706000	0.0000221677
0.0001707000	0.0000265623
0.0001708000	0.0000392576
0.0001709000	0.0000326658
0.0001710000	0.0000177732
0.0001711000	0.0000253416
0.0001712000	0.0000280271
0.0001713000	0.0000331541
0.0001714000	0.0000353513
0.0001715000	0.0000287595
0.0001716000	0.0000326658
0.0001717000	0.0000243650
0.0001718000	0.0000292478
0.0001719000	0.0000412107
0.0001720000	0.0000287595
0.0001721000	0.0000360838
0.0001722000	0.0000341306
0.0001723000	0.0000248533
0.0001724000	0.0000363279
0.0001725000	0.0000395017
0.0001726000	0.0000385252
0.0001727000	0.0000451170
0.0001728000	0.0000277830
0.0001729000	0.0000304685
0.0001730000	0.0000309568
0.0001731000	0.0000282713
0.0001732000	0.0000238767
0.0001733000	0.0000368162
0.0001734000	0.0000145994
0.0001735000	0.0000185056
0.0001736000	0.0000392576
0.0001737000	0.0000338865
0.0001738000	0.0000209470
0.0001739000	0.0000390134
0.0001740000	0.0000321775
0.0001741000	0.0000177732
0.0001742000	0.0000294920
0.0001743000	0.0000416990
0.0001744000	0.0000343748
0.0001745000	0.0000419431
0.0001746000	0.0000287595
0.0001747000	0.0000238767
0.0001748000	0.0000326658
0.0001749000	0.0000309568
0.0001750000	0.0000368162
0.0001751000	0.0000231443
0.0001752000	0.0000341306
0.0001753000	0.0000290037
0.0001754000	0.0000260740
0.0001755000	0.0000302244
0.0001756000	0.0000360838
0.0001757000	0.0000133787
0.0001758000	0.0000204588
0.0001759000	0.0000353513
0.0001760000	0.0000182615
0.0001761000	0.0000221677
0.0001762000	0.0000514646
0.0001763000	0.0000390134
0.0001764000	0.0000158201
0.0001765000	0.0000297361
0.0001766000	0.0000358396
0.0001767000	0.0000329099
0.0001768000	0.0000316892
0.0001769000	0.0000463377
0.0001770000	0.0000448728
0.0001771000	0.0000277830
0.0001772000	0.0000280271
0.0001773000	0.0000290037
0.0001774000	0.0000329099
0.0001775000	0.0000355955
0.0001776000	0.0000219236
0.0001777000	0.0000321775
0.0001778000	0.0000207029
0.0001779000	0.0000431638
0.0001780000	0.0000263181
0.0001781000	0.0000377927
0.0001782000	0.0000507322
0.0001783000	0.0000246091
0.0001784000	0.0000197263
0.0001785000	0.0000414548
0.0001786000	0.0000333982
0.0001787000	0.0000241209
0.0001788000	0.0000358396
0.0001789000	0.0000329099
0.0001790000	0.0000329099
0.0001791000	0.0000351072
0.0001792000	0.0000395017
0.0001793000	0.0000270505
0.0001794000	0.0000299802
0.0001795000	0.0000324216
0.0001796000	0.0000236326
0.0001797000	0.0000263181
0.0001798000	0.0000275388
0.0001799000	0.0000158201
0.0001800000	0.0000355955
0.0001801000	0.0000309568
0.0001802000	0.0000302244
0.0001803000	0.0000397459
0.0001804000	0.0000299802
0.0001805000	0.0000309568
0.0001806000	0.0000319334
0.0001807000	0.0000329099
0.0001808000	0.0000233884
0.0001809000	0.0000355955
0.0001810000	0.0000299802
0.0001811000	0.0000290037
0.0001812000	0.0000207029
0.0001813000	0.0000175291
0.0001814000	0.0000285154
0.0001815000	0.0000282713
0.0001816000	0.0000282713
0.0001817000	0.0000202146
0.0001818000	0.0000265623
0.0001819000	0.0000255857
0.0001820000	0.0000248533
0.0001821000	0.0000333982
0.0001822000	0.0000207029
0.0001823000	0.0000421873
0.0001824000	0.0000243650
0.0001825000	0.0000236326
0.0001826000	0.0000207029
0.0001827000	0.0000297361
0.0001828000	0.0000285154
0.0001829000	0.0000355955
0.0001830000	0.0000382810
0.0001831000	0.0000158201
0.0001832000	0.0000341306
0.0001833000	0.0000211912
0.0001834000	0.0000312009
0.0001835000	0.0000380369
0.0001836000	0.0000426756
0.0001837000	0.0000404783
0.0001838000	0.0000150877
0.0001839000	0.0000199705
0.0001840000	0.0000302244
0.0001841000	0.0000341306
0.0001842000	0.0000360838
0.0001843000	0.0000360838
0.0001844000	0.0000211912
0.0001845000	0.0000265623
0.0001846000	0.0000265623
0.0001847000	0.0000270505
0.0001848000	0.0000302244
0.0001849000	0.0000353513
0.0001850000	0.0000275388
0.0001851000	0.0000331541
0.0001852000	0.0000236326
0.0001853000	0.0000331541
0.0001854000	0.0000346189
0.0001855000	0.0000382810
0.0001856000	0.0000238767
0.0001857000	0.0000241209
0.0001858000	0.0000192380
0.0001859000	0.0000189939
0.0001860000	0.0000214353
0.0001861000	0.0000236326
0.0001862000	0.0000336423
0.0001863000	0.0000370603
0.0001864000	0.0000077634
0.0001865000	0.0000189939
0.0001866000	0.0000272947
0.0001867000	0.0000265623
0.0001868000	0.0000290037
0.0001869000	0.0000231443
0.0001870000	0.0000382810
0.0001871000	0.0000182615
0.0001872000	0.0000314451
0.0001873000	0.0000390134
0.0001874000	0.0000336423
0.0001875000	0.0000358396
0.0001876000	0.0000138670
0.0001877000	0.0000243650
0.0001878000	0.0000326658
0.0001879000	0.0000226560
0.0001880000	0.0000192380
0.0001881000	0.0000292478
0.0001882000	0.0000333982
0.0001883000	0.0000316892
0.0001884000	0.0000224119
0.0001885000	0.0000326658
0.0001886000	0.0000231443
0.0001887000	0.0000407224
0.0001888000	0.0000243650
0.0001889000	0.0000260740
0.0001890000	0.0000304685
0.0001891000	0.0000377927
0.0001892000	0.0000282713
0.0001893000	0.0000399900
0.0001894000	0.0000348631
0.0001895000	0.0000312009
0.0001896000	0.0000246091
0.0001897000	0.0000246091
0.0001898000	0.0000197263
0.0001899000	0.0000307127
0.0001900000	0.0000185056
0.0001901000	0.0000324216
0.0001902000	0.0000194822
0.0001903000	0.0000221677
0.0001904000	0.0000385252
0.0001905000	0.0000287595
0.0001906000	0.0000243650
0.0001907000	0.0000314451
0.0001908000	0.0000182615
0.0001909000	0.0000277830
0.0001910000	0.0000346189
0.0001911000	0.0000226560
0.0001912000	0.0000270505
0.0001913000	0.0000287595
0.0001914000	0.0000309568
0.0001915000	0.0000377927
0.0001916000	0.0000126463
0.0001917000	0.0000324216
0.0001918000	0.0000246091
0.0001919000	0.0000290037
0.0001920000	0.0000185056
0.0001921000	0.0000226560
0.0001922000	0.0000285154
0.0001923000	0.0000343748
0.0001924000	0.0000338865
0.0001925000	0.0000392576
0.0001926000	0.0000192380
0.0001927000	0.0000229002
0.0001928000	0.0000243650
0.0001929000	0.0000102048
0.0001930000	0.0000282713
0.0001931000	0.0000272947
0.0001932000	0.0000170408
0.0001933000	0.0000272947
0.0001934000	0.0000341306
0.0001935000	0.0000243650
0.0001936000	0.0000155759
0.0001937000	0.0000172849
0.0001938000	0.0000211912
0.0001939000	0.0000238767
0.0001940000	0.0000236326
0.0001941000	0.0000321775
0.0001942000	0.0000243650
0.0001943000	0.0000272947
0.0001944000	0.0000236326
0.0001945000	0.0000236326
0.0001946000	0.0000341306
0.0001947000	0.0000194822
0.0001948000	0.0000270505
0.0001949000	0.0000299802
0.0001950000	0.0000312009
0.0001951000	0.0000275388
0.0001952000	0.0000155759
0.0001953000	0.0000365720
0.0001954000	0.0000238767
0.0001955000	0.0000365720
0.0001956000	0.0000133787
0.0001957000	0.0000333982
0.0001958000	0.0000255857
0.0001959000	0.0000290037
0.0001960000	0.0000219236
0.0001961000	0.0000204588
0.0001962000	0.0000224119
0.0001963000	0.0000233884
0.0001964000	0.0000304685
0.0001965000	0.0000341306
0.0001966000	0.0000233884
0.0001967000	0.0000202146
0.0001968000	0.0000290037
0.0001969000	0.0000426756
0.0001970000	0.0000338865
0.0001971000	0.0000272947
0.0001972000	0.0000307127
0.0001973000	0.0000270505
0.0001974000	0.0000258298
0.0001975000	0.0000194822
0.0001976000	0.0000214353
0.0001977000	0.0000236326
0.0001978000	0.0000268064
0.0001979000	0.0000270505
0.0001980000	0.0000202146
0.0001981000	0.0000216795
0.0001982000	0.0000221677
0.0001983000	0.0000314451
0.0001984000	0.0000199705
0.0001985000	0.0000209470
0.0001986000	0.0000241209
0.0001987000	0.0000419431
0.0001988000	0.0000331541
0.0001989000	0.0000363279
0.0001990000	0.0000270505
0.0001991000	0.0000133787
0.0001992000	0.0000138670
0.0001993000	0.0000338865
0.0001994000	0.0000121580
0.0001995000	0.0000360838
0.0001996000	0.0000290037
0.0001997000	0.0000145994
0.0001998000	0.0000277830
0.0001999000	0.0000187498
0.0002000000	0.0000189939
0.0002001000	0.0000363279
0.0002002000	0.0000277830
0.0002003000	0.0000248533
0.0002004000	0.0000231443
0.0002005000	0.0000314451
0.0002006000	0.0000224119
0.0002007000	0.0000233884
0.0002008000	0.0000265623
0.0002009000	0.0000226560
0.0002010000	0.0000211912
0.0002011000	0.0000160642
0.0002012000	0.0000316892
0.0002013000	0.0000214353
0.0002014000	0.0000263181
0.0002015000	0.0000207029
0.0002016000	0.0000280271
0.0002017000	0.0000270505
0.0002018000	0.0000277830
0.0002019000	0.0000226560
0.0002020000	0.0000287595
0.0002021000	0.0000236326
0.0002022000	0.0000243650
0.0002023000	0.0000221677
0.0002024000	0.0000136228
0.0002025000	0.0000263181
0.0002026000	0.0000233884
0.0002027000	0.0000143552
0.0002028000	0.0000158201
0.0002029000	0.0000292478
0.0002030000	0.0000302244
0.0002031000	0.0000375486
0.0002032000	0.0000302244
0.0002033000	0.0000194822
0.0002034000	0.0000248533
0.0002035000	0.0000158201
0.0002036000	0.0000121580
0.0002037000	0.0000155759
0.0002038000	0.0000192380
0.0002039000	0.0000141111
0.0002040000	0.0000124021
0.0002041000	0.0000297361
0.0002042000	0.0000192380
0.0002043000	0.0000148435
0.0002044000	0.0000187498
0.0002045000	0.0000307127
0.0002046000	0.0000260740
0.0002047000	0.0000270505
0.0002048000	0.0000133787
0.0002049000	0.0000187498
0.0002050000	0.0000250974
0.0002051000	0.0000258298
0.0002052000	0.0000207029
0.0002053000	0.0000246091
0.0002054000	0.0000224119
0.0002055000	0.0000185056
0.0002056000	0.0000133787
0.0002057000	0.0000324216
0.0002058000	0.0000270505
0.0002059000	0.0000070310
0.0002060000	0.0000324216
0.0002061000	0.0000116697
0.0002062000	0.0000226560
0.0002063000	0.0000231443
0.0002064000	0.0000153318
0.0002065000	0.0000292478
0.0002066000	0.0000265623
0.0002067000	0.0000229002
0.0002068000	0.0000172849
0.0002069000	0.0000143552
0.0002070000	0.0000241209
0.0002071000	0.0000185056
0.0002072000	0.0000126463
0.0002073000	0.0000133787
0.0002074000	0.0000172849
0.0002075000	0.0000258298
0.0002076000	0.0000290037
0.0002077000	0.0000089841
0.0002078000	0.0000177732
0.0002079000	0.0000172849
0.0002080000	0.0000216795
0.0002081000	0.0000443845
0.0002082000	0.0000319334
0.0002083000	0.0000268064
0.0002084000	0.0000145994
0.0002085000	0.0000426756
0.0002086000	0.0000238767
0.0002087000	0.0000199705
0.0002088000	0.0000312009
0.0002089000	0.0000167966
0.0002090000	0.0000121580
0.0002091000	0.0000263181
0.0002092000	0.0000138670
0.0002093000	0.0000246091
0.0002094000	0.0000097166
0.0002095000	0.0000224119
0.0002096000	0.0000177732
0.0002097000	0.0000312009
0.0002098000	0.0000299802
0.0002099000	0.0000258298
0.0002100000	0.0000258298
0.0002101000	0.0000148435
0.0002102000	0.0000214353
0.0002103000	0.0000209470
0.0002104000	0.0000194822
0.0002105000	0.0000290037
0.0002106000	0.0000187498
0.0002107000	0.0000111814
0.0002108000	0.0000255857
0.0002109000	0.0000360838
0.0002110000	0.0000243650
0.0002111000	0.0000177732
0.0002112000	0.0000165525
0.0002113000	0.0000263181
0.0002114000	0.0000285154
0.0002115000	0.0000207029
0.0002116000	0.0000143552
0.0002117000	0.0000219236
0.0002118000	0.0000192380
0.0002119000	0.0000255857
0.0002120000	0.0000263181
0.0002121000	0.0000243650
0.0002122000	0.0000119138
0.0002123000	0.0000329099
0.0002124000	0.0000194822
0.0002125000	0.0000214353
0.0002126000	0.0000189939
0.0002127000	0.0000121580
0.0002128000	0.0000150877
0.0002129000	0.0000370603
0.0002130000	0.0000226560
0.0002131000	0.0000204588
0.0002132000	0.0000282713
0.0002133000	0.0000365720
0.0002134000	0.0000155759
0.0002135000	0.0000358396
0.0002136000	0.0000207029
0.0002137000	0.0000194822
0.0002138000	0.0000268064
0.0002139000	0.0000165525
0.0002140000	0.0000265623
0.0002141000	0.0000307127
0.0002142000	0.0000114255
0.0002143000	0.0000246091
0.0002144000	0.0000226560
0.0002145000	0.0000346189
0.0002146000	0.0000272947
0.0002147000	0.0000055662
0.0002148000	0.0000199705
0.0002149000	0.0000231443
0.0002150000	0.0000319334
0.0002151000	0.0000216795
0.0002152000	0.0000224119
0.0002153000	0.0000248533
0.0002154000	0.0000143552
0.0002155000	0.0000136228
0.0002156000	0.0000180173
0.0002157000	0.0000246091
0.0002158000	0.0000114255
0.0002159000	0.0000172849
0.0002160000	0.0000075193
0.0002161000	0.0000185056
0.0002162000	0.0000285154
0.0002163000	0.0000148435
0.0002164000	0.0000177732
0.0002165000	0.0000316892
0.0002166000	0.0000263181
0.0002167000	0.0000280271
0.0002168000	0.0000285154
0.0002169000	0.0000207029
0.0002170000	0.0000133787
0.0002171000	0.0000145994
0.0002172000	0.0000128904
0.0002173000	0.0000231443
0.0002174000	0.0000204588
0.0002175000	0.0000246091
0.0002176000	0.0000180173
0.0002177000	0.0000185056
0.0002178000	0.0000192380
0.0002179000	0.0000253416
0.0002180000	0.0000167966
0.0002181000	0.0000307127
0.0002182000	0.0000170408
0.0002183000	0.0000277830
0.0002184000	0.0000153318
0.0002185000	0.0000282713
0.0002186000	0.0000165525
0.0002187000	0.0000268064
0.0002188000	0.0000187498
0.0002189000	0.0000097166
0.0002190000	0.0000119138
0.0002191000	0.0000224119
0.0002192000	0.0000187498
0.0002193000	0.0000148435
0.0002194000	0.0000204588
0.0002195000	0.0000199705
0.0002196000	0.0000138670
0.0002197000	0.0000204588
0.0002198000	0.0000189939
0.0002199000	0.0000082517
0.0002200000	0.0000180173
0.0002201000	0.0000238767
0.0002202000	0.0000214353
0.0002203000	-0.0000012698
0.0002204000	0.0000253416
0.0002205000	0.0000299802
0.0002206000	0.0000380369
0.0002207000	0.0000165525
0.0002208000	0.0000275388
0.0002209000	0.0000382810
0.0002210000	0.0000106931
0.0002211000	0.0000185056
0.0002212000	0.0000365720
0.0002213000	0.0000214353
0.0002214000	0.0000219236
0.0002215000	0.0000104490
0.0002216000	0.0000124021
0.0002217000	0.0000224119
0.0002218000	0.0000224119
0.0002219000	0.0000255857
0.0002220000	0.0000338865
0.0002221000	0.0000175291
0.0002222000	0.0000216795
0.0002223000	0.0000243650
0.0002224000	0.0000275388
0.0002225000	0.0000097166
0.0002226000	0.0000143552
0.0002227000	0.0000233884
0.0002228000	0.0000160642
0.0002229000	0.0000272947
0.0002230000	0.0000253416
0.0002231000	0.0000128904
0.0002232000	0.0000309568
0.0002233000	0.0000185056
0.0002234000	0.0000316892
0.0002235000	0.0000199705
0.0002236000	0.0000119138
0.0002237000	0.0000148435
0.0002238000	0.0000209470
0.0002239000	0.0000314451
0.0002240000	0.0000282713
0.0002241000	0.0000163084
0.0002242000	0.0000202146
0.0002243000	0.0000302244
0.0002244000	0.0000226560
0.0002245000	0.0000319334
0.0002246000	0.0000197263
0.0002247000	0.0000199705
0.0002248000	0.0000170408
0.0002249000	0.0000182615
0.0002250000	0.0000238767
0.0002251000	0.0000307127
0.0002252000	0.0000160642
0.0002253000	0.0000136228
0.0002254000	0.0000253416
0.0002255000	0.0000209470
0.0002256000	0.0000177732
0.0002257000	0.0000204588
0.0002258000	0.0000197263
0.0002259000	0.0000160642
0.0002260000	0.0000185056
0.0002261000	0.0000248533
0.0002262000	0.0000302244
0.0002263000	0.0000253416
0.0002264000	0.0000246091
0.0002265000	0.0000221677
0.0002266000	0.0000255857
0.0002267000	0.0000158201
0.0002268000	0.0000077634
0.0002269000	0.0000172849
0.0002270000	0.0000111814
0.0002271000	0.0000204588
0.0002272000	0.0000243650
0.0002273000	0.0000268064
0.0002274000	0.0000277830
0.0002275000	0.0000133787
0.0002276000	0.0000158201
0.0002277000	0.0000153318
0.0002278000	0.0000282713
0.0002279000	0.0000280271
0.0002280000	0.0000199705
0.0002281000	0.0000185056
0.0002282000	0.0000192380
0.0002283000	0.0000155759
0.0002284000	0.0000187498
0.0002285000	0.0000155759
0.0002286000	0.0000177732
0.0002287000	0.0000280271
0.0002288000	0.0000182615
0.0002289000	0.0000150877
0.0002290000	0.0000275388
0.0002291000	0.0000258298
0.0002292000	0.0000194822
0.0002293000	0.0000297361
0.0002294000	0.0000294920
0.0002295000	0.0000153318
0.0002296000	0.0000180173
0.0002297000	0.0000236326
0.0002298000	0.0000241209
0.0002299000	0.0000199705
0.0002300000	0.0000253416
0.0002301000	0.0000177732
0.0002302000	0.0000233884
0.0002303000	0.0000128904
0.0002304000	0.0000263181
0.0002305000	-0.0000029787
0.0002306000	0.0000133787
0.0002307000	0.0000128904
0.0002308000	0.0000126463
0.0002309000	0.0000204588
0.0002310000	0.0000145994
0.0002311000	0.0000141111
0.0002312000	0.0000109373
0.0002313000	0.0000192380
0.0002314000	0.0000055662
0.0002315000	0.0000226560
0.0002316000	0.0000111814
0.0002317000	0.0000272947
0.0002318000	0.0000246091
0.0002319000	0.0000128904
0.0002320000	0.0000185056
0.0002321000	0.0000238767
0.0002322000	0.0000221677
0.0002323000	0.0000199705
0.0002324000	0.0000268064
0.0002325000	0.0000153318
0.0002326000	0.0000219236
0.0002327000	0.0000185056
0.0002328000	0.0000216795
0.0002329000	0.0000214353
0.0002330000	0.0000111814
0.0002331000	0.0000260740
0.0002332000	0.0000199705
0.0002333000	0.0000089841
0.0002334000	0.0000153318
0.0002335000	0.0000224119
0.0002336000	0.0000255857
0.0002337000	0.0000253416
0.0002338000	0.0000172849
0.0002339000	0.0000058103
0.0002340000	0.0000185056
0.0002341000	0.0000170408
0.0002342000	0.0000170408
0.0002343000	0.0000304685
0.0002344000	0.0000131345
0.0002345000	0.0000167966
0.0002346000	0.0000194822
0.0002347000	0.0000263181
0.0002348000	0.0000155759
0.0002349000	0.0000155759
0.0002350000	0.0000167966
0.0002351000	0.0000255857
0.0002352000	0.0000011716
0.0002353000	0.0000172849
0.0002354000	0.0000321775
0.0002355000	0.0000053220
0.0002356000	0.0000236326
0.0002357000	0.0000204588
0.0002358000	0.0000153318
0.0002359000	0.0000004392
0.0002360000	0.0000260740
0.0002361000	0.0000192380
0.0002362000	0.0000001951
0.0002363000	0.0000258298
0.0002364000	0.0000219236
0.0002365000	0.0000246091
0.0002366000	0.0000167966
0.0002367000	0.0000368162
0.0002368000	0.0000253416
0.0002369000	0.0000209470
0.0002370000	0.0000199705
0.0002371000	0.0000075193
0.0002372000	0.0000211912
0.0002373000	0.0000253416
0.0002374000	0.0000180173
0.0002375000	0.0000185056
0.0002376000	0.0000307127
0.0002377000	0.0000197263
0.0002378000	0.0000019041
0.0002379000	0.0000365720
0.0002380000	0.0000204588
0.0002381000	0.0000268064
0.0002382000	0.0000192380
0.0002383000	0.0000243650
0.0002384000	0.0000207029
0.0002385000	0.0000182615
0.0002386000	0.0000211912
0.0002387000	0.0000280271
0.0002388000	0.0000143552
0.0002389000	0.0000199705
0.0002390000	0.0000216795
0.0002391000	0.0000070310
0.0002392000	0.0000126463
0.0002393000	0.0000365720
0.0002394000	0.0000106931
0.0002395000	0.0000263181
0.0002396000	0.0000158201
0.0002397000	0.0000226560
0.0002398000	0.0000207029
0.0002399000	0.0000097166
0.0002400000	0.0000197263
0.0002401000	0.0000080076
0.0002402000	0.0000216795
0.0002403000	0.0000160642
0.0002404000	0.0000226560
0.0002405000	0.0000180173
0.0002406000	0.0000167966
0.0002407000	0.0000236326
0.0002408000	0.0000106931
0.0002409000	0.0000236326
0.0002410000	0.0000070310
0.0002411000	0.0000150877
0.0002412000	0.0000194822
0.0002413000	0.0000148435
0.0002414000	0.0000309568
0.0002415000	0.0000087400
0.0002416000	0.0000185056
0.0002417000	0.0000211912
0.0002418000	0.0000199705
0.0002419000	0.0000199705
0.0002420000	0.0000175291
0.0002421000	0.0000211912
0.0002422000	0.0000026365
0.0002423000	0.0000089841
0.0002424000	0.0000221677
0.0002425000	0.0000211912
0.0002426000	0.0000160642
0.0002427000	0.0000180173
0.0002428000	0.0000009275
0.0002429000	0.0000170408
0.0002430000	0.0000177732
0.0002431000	0.0000145994
0.0002432000	0.0000070310
0.0002433000	0.0000348631
0.0002434000	0.0000180173
0.0002435000	0.0000170408
0.0002436000	0.0000185056
0.0002437000	0.0000150877
0.0002438000	0.0000277830
0.0002439000	0.0000238767
0.0002440000	0.0000148435
0.0002441000	0.0000226560
0.0002442000	0.0000248533
0.0002443000	0.0000199705
0.0002444000	0.0000307127
0.0002445000	0.0000172849
0.0002446000	0.0000138670
0.0002447000	0.0000143552
0.0002448000	0.0000299802
0.0002449000	0.0000155759
0.0002450000	0.0000209470
0.0002451000	0.0000233884
0.0002452000	0.0000229002
0.0002453000	0.0000185056
0.0002454000	0.0000143552
0.0002455000	0.0000102048
0.0002456000	0.0000143552
0.0002457000	0.0000175291
0.0002458000	-0.0000017580
0.0002459000	0.0000280271
0.0002460000	0.0000189939
0.0002461000	0.0000202146
0.0002462000	0.0000231443
0.0002463000	0.0000302244
0.0002464000	0.0000226560
0.0002465000	0.0000189939
0.0002466000	0.0000258298
0.0002467000	0.0000170408
0.0002468000	0.0000163084
0.0002469000	0.0000145994
0.0002470000	0.0000260740
0.0002471000	0.0000084959
0.0002472000	0.0000189939
0.0002473000	0.0000175291
0.0002474000	0.0000092283
0.0002475000	0.0000119138
0.0002476000	0.0000143552
0.0002477000	0.0000229002
0.0002478000	0.0000119138
0.0002479000	0.0000114255
0.0002480000	0.0000060545
0.0002481000	0.0000224119
0.0002482000	0.0000282713
0.0002483000	0.0000175291
0.0002484000	0.0000258298
0.0002485000	0.0000062986
0.0002486000	0.0000221677
0.0002487000	0.0000309568
0.0002488000	0.0000133787
0.0002489000	0.0000202146
0.0002490000	0.0000229002
0.0002491000	0.0000238767
0.0002492000	0.0000226560
0.0002493000	0.0000214353
0.0002494000	0.0000102048
0.0002495000	0.0000231443
0.0002496000	0.0000165525
0.0002497000	0.0000043455
0.0002498000	0.0000170408
0.0002499000	0.0000145994
0.0002500000	0.0000145994
0.0002501000	0.0000094724
0.0002502000	0.0000202146
0.0002503000	0.0000099607
0.0002504000	0.0000211912
0.0002505000	0.0000209470
0.0002506000	0.0000094724
0.0002507000	0.0000219236
0.0002508000	0.0000290037
0.0002509000	0.0000138670
0.0002510000	0.0000319334
0.0002511000	0.0000260740
0.0002512000	0.0000238767
0.0002513000	0.0000336423
0.0002514000	0.0000182615
0.0002515000	0.0000133787
0.0002516000	0.0000141111
0.0002517000	0.0000111814
0.0002518000	0.0000165525
0.0002519000	0.0000094724
0.0002520000	0.0000080076
0.0002521000	0.0000236326
0.0002522000	0.0000165525
0.0002523000	0.0000243650
0.0002524000	0.0000102048
0.0002525000	0.0000038572
0.0002526000	0.0000187498
0.0002527000	0.0000104490
0.0002528000	0.0000187498
0.0002529000	0.0000155759
0.0002530000	0.0000150877
0.0002531000	0.0000119138
0.0002532000	0.0000226560
0.0002533000	0.0000111814
0.0002534000	0.0000170408
0.0002535000	0.0000102048
0.0002536000	0.0000109373
0.0002537000	0.0000219236
0.0002538000	0.0000180173
0.0002539000	0.0000216795
0.0002540000	0.0000111814
0.0002541000	0.0000170408
0.0002542000	0.0000077634
0.0002543000	0.0000141111
0.0002544000	0.0000148435
0.0002545000	0.0000163084
0.0002546000	0.0000067869
0.0002547000	0.0000204588
0.0002548000	0.0000153318
0.0002549000	0.0000280271
0.0002550000	0.0000290037
0.0002551000	0.0000138670
0.0002552000	0.0000128904
0.0002553000	0.0000189939
0.0002554000	0.0000285154
0.0002555000	0.0000180173
0.0002556000	0.0000182615
0.0002557000	0.0000192380
0.0002558000	0.0000199705
0.0002559000	0.0000204588
0.0002560000	0.0000216795
0.0002561000	0.0000175291
0.0002562000	0.0000270505
0.0002563000	0.0000189939
0.0002564000	0.0000280271
0.0002565000	0.0000204588
0.0002566000	0.0000285154
0.0002567000	0.0000023923
0.0002568000	0.0000111814
0.0002569000	0.0000116697
0.0002570000	0.0000099607
0.0002571000	0.0000165525
0.0002572000	0.0000126463
0.0002573000	0.0000082517
0.0002574000	0.0000233884
0.0002575000	0.0000180173
0.0002576000	0.0000219236
0.0002577000	0.0000124021
0.0002578000	0.0000119138
0.0002579000	0.0000302244
0.0002580000	0.0000180173
0.0002581000	0.0000119138
0.0002582000	0.0000141111
0.0002583000	0.0000197263
0.0002584000	0.0000192380
0.0002585000	0.0000260740
0.0002586000	0.0000160642
0.0002587000	0.0000167966
0.0002588000	0.0000111814
0.0002589000	0.0000050779
0.0002590000	0.0000194822
0.0002591000	0.0000111814
0.0002592000	0.0000187498
0.0002593000	0.0000114255
0.0002594000	0.0000109373
0.0002595000	0.0000111814
0.0002596000	0.0000058103
0.0002597000	0.0000309568
0.0002598000	0.0000133787
0.0002599000	0.0000167966
0.0002600000	0.0000104490
0.0002601000	0.0000026365
0.0002602000	0.0000126463
0.0002603000	0.0000277830
0.0002604000	0.0000346189
0.0002605000	0.0000187498
0.0002606000	0.0000165525
0.0002607000	0.0000148435
0.0002608000	0.0000216795
0.0002609000	0.0000148435
0.0002610000	0.0000275388
0.0002611000	0.0000126463
0.0002612000	0.0000185056
0.0002613000	0.0000065427
0.0002614000	0.0000331541
0.0002615000	0.0000236326
0.0002616000	0.0000207029
0.0002617000	0.0000236326
0.0002618000	0.0000180173
0.0002619000	0.0000041013
0.0002620000	0.0000219236
0.0002621000	0.0000180173
0.0002622000	0.0000089841
0.0002623000	0.0000126463
0.0002624000	0.0000158201
0.0002625000	0.0000226560
0.0002626000	0.0000177732
0.0002627000	0.0000126463
0.0002628000	0.0000341306
0.0002629000	0.0000141111
0.0002630000	0.0000104490
0.0002631000	0.0000233884
0.0002632000	0.0000138670
0.0002633000	0.0000224119
0.0002634000	0.0000250974
0.0002635000	0.0000307127
0.0002636000	0.0000275388
0.0002637000	0.0000258298
0.0002638000	0.0000153318
0.0002639000	0.0000197263
0.0002640000	0.0000282713
0.0002641000	0.0000182615
0.0002642000	0.0000128904
0.0002643000	0.0000194822
0.0002644000	0.0000084959
0.0002645000	0.0000158201
0.0002646000	0.0000092283
0.0002647000	0.0000216795
0.0002648000	0.0000106931
0.0002649000	0.0000211912
0.0002650000	0.0000106931
0.0002651000	0.0000077634
0.0002652000	0.0000238767
0.0002653000	0.0000155759
0.0002654000	0.0000155759
0.0002655000	0.0000255857
0.0002656000	0.0000131345
0.0002657000	0.0000141111
0.0002658000	0.0000182615
0.0002659000	0.0000121580
0.0002660000	0.0000111814
0.0002661000	0.0000153318
0.0002662000	0.0000260740
0.0002663000	0.0000194822
0.0002664000	0.0000211912
0.0002665000	0.0000163084
0.0002666000	0.0000263181
0.0002667000	0.0000097166
0.0002668000	0.0000158201
0.0002669000	0.0000082517
0.0002670000	0.0000150877
0.0002671000	0.0000163084
0.0002672000	0.0000275388
0.0002673000	0.0000104490
0.0002674000	0.0000082517
0.0002675000	0.0000116697
0.0002676000	0.0000243650
0.0002677000	0.0000082517
0.0002678000	0.0000011716
0.0002679000	0.0000187498
0.0002680000	0.0000080076
0.0002681000	0.0000229002
0.0002682000	0.0000165525
0.0002683000	0.0000231443
0.0002684000	0.0000153318
0.0002685000	0.0000119138
0.0002686000	0.0000128904
0.0002687000	0.0000229002
0.0002688000	0.0000031248
0.0002689000	0.0000116697
0.0002690000	0.0000058103
0.0002691000	0.0000241209
0.0002692000	0.0000180173
0.0002693000	0.0000233884
0.0002694000	0.0000075193
0.0002695000	0.0000143552
0.0002696000	0.0000087400
0.0002697000	0.0000019041
0.0002698000	0.0000253416
0.0002699000	0.0000170408
0.0002700000	0.0000233884
0.0002701000	0.0000321775
0.0002702000	0.0000067869
0.0002703000	0.0000255857
0.0002704000	-0.0000000491
0.0002705000	0.0000136228
0.0002706000	0.0000114255
0.0002707000	0.0000221677
0.0002708000	0.0000097166
0.0002709000	0.0000084959
0.0002710000	0.0000158201
0.0002711000	0.0000224119
0.0002712000	0.0000158201
0.0002713000	0.0000194822
0.0002714000	0.0000097166
0.0002715000	0.0000182615
0.0002716000	0.0000233884
0.0002717000	0.0000121580
0.0002718000	0.0000050779
0.0002719000	0.0000263181
0.0002720000	0.0000019041
0.0002721000	0.0000299802
0.0002722000	0.0000138670
0.0002723000	0.0000133787
0.0002724000	0.0000194822
0.0002725000	0.0000114255
0.0002726000	0.0000094724
0.0002727000	0.0000246091
0.0002728000	0.0000248533
0.0002729000	0.0000121580
0.0002730000	0.0000143552
0.0002731000	0.0000270505
0.0002732000	0.0000229002
0.0002733000	0.0000224119
0.0002734000	0.0000072752
0.0002735000	0.0000282713
0.0002736000	0.0000133787
0.0002737000	0.0000150877
0.0002738000	0.0000160642
0.0002739000	0.0000072752
0.0002740000	0.0000231443
0.0002741000	0.0000106931
0.0002742000	0.0000175291
0.0002743000	0.0000258298
0.0002744000	0.0000180173
0.0002745000	0.0000224119
0.0002746000	0.0000216795
0.0002747000	0.0000087400
0.0002748000	0.0000136228
0.0002749000	0.0000233884
0.0002750000	0.0000124021
0.0002751000	0.0000102048
0.0002752000	0.0000150877
0.0002753000	0.0000182615
0.0002754000	0.0000182615
0.0002755000	0.0000219236
0.0002756000	0.0000153318
0.0002757000	0.0000197263
0.0002758000	0.0000182615
0.0002759000	0.0000155759
0.0002760000	0.0000165525
0.0002761000	0.0000175291
0.0002762000	0.0000277830
0.0002763000	0.0000219236
0.0002764000	0.0000194822
0.0002765000	0.0000048338
0.0002766000	0.0000141111
0.0002767000	0.0000187498
0.0002768000	0.0000175291
0.0002769000	0.0000172849
0.0002770000	0.0000175291
0.0002771000	0.0000316892
0.0002772000	0.0000116697
0.0002773000	0.0000216795
0.0002774000	0.0000236326
0.0002775000	0.0000255857
0.0002776000	-0.0000010256
0.0002777000	0.0000238767
0.0002778000	0.0000175291
0.0002779000	0.0000163084
0.0002780000	0.0000219236
0.0002781000	0.0000119138
0.0002782000	0.0000126463
0.0002783000	0.0000194822
0.0002784000	0.0000167966
0.0002785000	0.0000216795
0.0002786000	0.0000163084
0.0002787000	0.0000143552
0.0002788000	0.0000128904
0.0002789000	0.0000153318
0.0002790000	0.0000214353
0.0002791000	0.0000236326
0.0002792000	0.0000167966
0.0002793000	0.0000133787
0.0002794000	0.0000124021
0.0002795000	0.0000165525
0.0002796000	0.0000282713
0.0002797000	0.0000211912
0.0002798000	0.0000133787
0.0002799000	0.0000263181
0.0002800000	0.0000167966
0.0002801000	0.0000114255
0.0002802000	0.0000099607
0.0002803000	0.0000092283
0.0002804000	0.0000124021
0.0002805000	0.0000119138
0.0002806000	0.0000192380
0.0002807000	0.0000138670
0.0002808000	0.0000133787
0.0002809000	0.0000260740
0.0002810000	0.0000187498
0.0002811000	0.0000133787
0.0002812000	0.0000075193
0.0002813000	0.0000089841
0.0002814000	0.0000221677
0.0002815000	0.0000170408
0.0002816000	0.0000094724
0.0002817000	0.0000170408
0.0002818000	0.0000204588
0.0002819000	0.0000197263
0.0002820000	0.0000058103
0.0002821000	0.0000197263
0.0002822000	0.0000021482
0.0002823000	0.0000192380
0.0002824000	0.0000224119
0.0002825000	0.0000141111
0.0002826000	0.0000185056
0.0002827000	0.0000355955
0.0002828000	0.0000102048
0.0002829000	0.0000155759
0.0002830000	0.0000065427
0.0002831000	0.0000019041
0.0002832000	0.0000182615
0.0002833000	0.0000136228
0.0002834000	0.0000133787
0.0002835000	0.0000207029
0.0002836000	0.0000150877
0.0002837000	0.0000026365
0.0002838000	0.0000214353
0.0002839000	0.0000236326
0.0002840000	0.0000141111
0.0002841000	0.0000077634
0.0002842000	0.0000182615
0.0002843000	0.0000133787
0.0002844000	0.0000133787
0.0002845000	0.0000170408
0.0002846000	0.0000241209
0.0002847000	0.0000214353
0.0002848000	0.0000207029
0.0002849000	0.0000221677
0.0002850000	0.0000214353
0.0002851000	0.0000072752
0.0002852000	0.0000133787
0.0002853000	0.0000160642
0.0002854000	0.0000185056
0.0002855000	0.0000143552
0.0002856000	0.0000187498
0.0002857000	0.0000216795
0.0002858000	0.0000150877
0.0002859000	0.0000060545
0.0002860000	0.0000172849
0.0002861000	0.0000053220
0.0002862000	0.0000167966
0.0002863000	0.0000241209
0.0002864000	0.0000253416
0.0002865000	-0.0000002932
0.0002866000	0.0000077634
0.0002867000	0.0000158201
0.0002868000	0.0000204588
0.0002869000	0.0000133787
0.0002870000	0.0000229002
0.0002871000	0.0000160642
0.0002872000	0.0000111814
0.0002873000	0.0000263181
0.0002874000	0.0000209470
0.0002875000	0.0000119138
0.0002876000	0.0000099607
0.0002877000	0.0000272947
0.0002878000	0.0000097166
0.0002879000	0.0000038572
0.0002880000	0.0000082517
0.0002881000	0.0000145994
0.0002882000	0.0000175291
0.0002883000	0.0000092283
0.0002884000	0.0000143552
0.0002885000	0.0000050779
0.0002886000	0.0000216795
0.0002887000	0.0000136228
0.0002888000	0.0000158201
0.0002889000	0.0000209470
0.0002890000	0.0000258298
0.0002891000	0.0000158201
0.0002892000	0.0000131345
0.0002893000	0.0000172849
0.0002894000	-0.0000051760
0.0002895000	0.0000104490
0.0002896000	0.0000116697
0.0002897000	0.0000131345
0.0002898000	0.0000172849
0.0002899000	0.0000316892
0.0002900000	0.0000170408
0.0002901000	0.0000011716
0.0002902000	0.0000187498
0.0002903000	0.0000207029
0.0002904000	0.0000087400
0.0002905000	0.0000282713
0.0002906000	0.0000043455
0.0002907000	0.0000253416
0.0002908000	0.0000263181
0.0002909000	0.0000211912
0.0002910000	0.0000229002
0.0002911000	0.0000192380
0.0002912000	0.0000102048
0.0002913000	0.0000124021
0.0002914000	0.0000043455
0.0002915000	0.0000080076
0.0002916000	0.0000111814
0.0002917000	0.0000170408
0.0002918000	0.0000126463
0.0002919000	0.0000187498
0.0002920000	0.0000104490
0.0002921000	0.0000216795
0.0002922000	0.0000043455
0.0002923000	0.0000160642
0.0002924000	0.0000302244
0.0002925000	0.0000109373
0.0002926000	0.0000224119
0.0002927000	0.0000172849
0.0002928000	0.0000009275
0.0002929000	0.0000133787
0.0002930000	0.0000084959
0.0002931000	0.0000104490
0.0002932000	0.0000104490
0.0002933000	0.0000238767
0.0002934000	0.0000038572
0.0002935000	0.0000238767
0.0002936000	0.0000180173
0.0002937000	0.0000211912
0.0002938000	0.0000231443
0.0002939000	-0.0000037112
0.0002940000	0.0000062986
0.0002941000	0.0000124021
0.0002942000	0.0000111814
0.0002943000	0.0000080076
0.0002944000	0.0000197263
0.0002945000	0.0000170408
0.0002946000	0.0000202146
0.0002947000	0.0000155759
0.0002948000	0.0000172849
0.0002949000	0.0000153318
0.0002950000	0.0000236326
0.0002951000	0.0000045896
0.0002952000	0.0000189939
0.0002953000	0.0000194822
0.0002954000	0.0000087400
0.0002955000	0.0000138670
0.0002956000	0.0000160642
0.0002957000	0.0000160642
0.0002958000	0.0000058103
0.0002959000	0.0000177732
0.0002960000	0.0000116697
0.0002961000	0.0000158201
0.0002962000	0.0000238767
0.0002963000	0.0000153318
0.0002964000	0.0000053220
0.0002965000	0.0000124021
0.0002966000	-0.0000029787
0.0002967000	0.0000001951
0.0002968000	0.0000167966
0.0002969000	0.0000133787
0.0002970000	0.0000182615
0.0002971000	0.0000104490
0.0002972000	0.0000148435
0.0002973000	0.0000087400
0.0002974000	-0.0000012698
0.0002975000	0.0000121580
0.0002976000	0.0000121580
0.0002977000	0.0000307127
0.0002978000	0.0000092283
0.0002979000	0.0000248533
0.0002980000	0.0000192380
0.0002981000	0.0000202146
0.0002982000	0.0000202146
0.0002983000	0.0000138670
0.0002984000	0.0000326658
0.0002985000	0.0000199705
0.0002986000	0.0000216795
0.0002987000	0.0000114255
0.0002988000	0.0000028806
0.0002989000	0.0000141111
0.0002990000	0.0000050779
0.0002991000	0.0000231443
0.0002992000	0.0000121580
0.0002993000	0.0000148435
0.0002994000	0.0000363279
0.0002995000	0.0000214353
0.0002996000	0.0000119138
0.0002997000	0.0000050779
0.0002998000	0.0000204588
0.0002999000	0.0000141111
0.0003000000	0.0000141111
0.0003001000	0.0000055662
0.0003002000	0.0000053220
0.0003003000	0.0000138670
0.0003004000	0.0000106931
0.0003005000	0.0000145994
0.0003006000	0.0000124021
0.0003007000	0.0000165525
0.0003008000	0.0000072752
0.0003009000	0.0000126463
0.0003010000	0.0000187498
0.0003011000	0.0000077634
0.0003012000	0.0000285154
0.0003013000	0.0000138670
0.0003014000	0.0000204588
0.0003015000	0.0000165525
0.0003016000	0.0000204588
0.0003017000	0.0000155759
0.0003018000	0.0000045896
0.0003019000	0.0000131345
0.0003020000	0.0000124021
0.0003021000	0.0000185056
0.0003022000	0.0000268064
0.0003023000	0.0000199705
0.0003024000	0.0000145994
0.0003025000	0.0000131345
0.0003026000	0.0000126463
0.0003027000	0.0000219236
0.0003028000	0.0000211912
0.0003029000	0.0000253416
0.0003030000	0.0000136228
0.0003031000	0.0000275388
0.0003032000	0.0000023923
0.0003033000	0.0000148435
0.0003034000	0.0000246091
0.0003035000	0.0000077634
0.0003036000	0.0000094724
0.0003037000	0.0000194822
0.0003038000	0.0000268064
0.0003039000	0.0000192380
0.0003040000	0.0000233884
0.0003041000	0.0000158201
0.0003042000	0.0000207029
0.0003043000	0.0000231443
0.0003044000	0.0000077634
0.0003045000	0.0000250974
0.0003046000	0.0000133787
0.0003047000	0.0000082517
0.0003048000	0.0000175291
0.0003049000	0.0000150877
0.0003050000	0.0000155759
0.0003051000	0.0000102048
0.0003052000	0.0000106931
0.0003053000	0.0000253416
0.0003054000	0.0000163084
0.0003055000	0.0000089841
0.0003056000	0.0000177732
0.0003057000	0.0000197263
0.0003058000	0.0000158201
0.0003059000	0.0000163084
0.0003060000	0.0000126463
0.0003061000	0.0000148435
0.0003062000	0.0000231443
0.0003063000	0.0000172849
0.0003064000	0.0000202146
0.0003065000	0.0000172849
0.0003066000	0.0000180173
0.0003067000	0.0000143552
0.0003068000	0.0000028806
0.0003069000	0.0000104490
0.0003070000	0.0000202146
0.0003071000	0.0000236326
0.0003072000	0.0000304685
0.0003073000	0.0000148435
0.0003074000	0.0000163084
0.0003075000	0.0000072752
0.0003076000	0.0000163084
0.0003077000	0.0000104490
0.0003078000	0.0000102048
0.0003079000	0.0000192380
0.0003080000	0.0000214353
0.0003081000	0.0000250974
0.0003082000	0.0000131345
0.0003083000	0.0000175291
0.0003084000	0.0000226560
0.0003085000	0.0000182615
0.0003086000	0.0000075193
0.0003087000	0.0000167966
0.0003088000	0.0000148435
0.0003089000	0.0000214353
0.0003090000	0.0000099607
0.0003091000	0.0000145994
0.0003092000	0.0000185056
0.0003093000	0.0000224119
0.0003094000	0.0000165525
0.0003095000	0.0000226560
0.0003096000	0.0000089841
0.0003097000	0.0000138670
0.0003098000	0.0000097166
0.0003099000	0.0000136228
0.0003100000	0.0000189939
0.0003101000	0.0000182615
0.0003102000	0.0000121580
0.0003103000	0.0000106931
0.0003104000	0.0000182615
0.0003105000	0.0000050779
0.0003106000	0.0000287595
0.0003107000	0.0000143552
0.0003108000	0.0000185056
0.0003109000	0.0000170408
0.0003110000	0.0000126463
0.0003111000	0.0000321775
0.0003112000	0.0000170408
0.0003113000	0.0000106931
0.0003114000	0.0000097166
0.0003115000	0.0000111814
0.0003116000	0.0000087400
0.0003117000	0.0000062986
0.0003118000	0.0000177732
0.0003119000	0.0000092283
0.0003120000	0.0000229002
0.0003121000	0.0000209470
0.0003122000	0.0000197263
0.0003123000	0.0000062986
0.0003124000	0.0000111814
0.0003125000	0.0000277830
0.0003126000	0.0000172849
0.0003127000	0.0000167966
0.0003128000	0.0000145994
0.0003129000	0.0000067869
0.0003130000	0.0000143552
0.0003131000	0.0000038572
0.0003132000	0.0000114255
0.0003133000	0.0000219236
0.0003134000	0.0000031248
0.0003135000	0.0000175291
0.0003136000	0.0000016599
0.0003137000	0.0000319334
0.0003138000	0.0000082517
0.0003139000	0.0000119138
0.0003140000	0.0000263181
0.0003141000	0.0000246091
0.0003142000	0.0000143552
0.0003143000	0.0000026365
0.0003144000	0.0000109373
0.0003145000	0.0000199705
0.0003146000	0.0000084959
0.0003147000	0.0000058103
0.0003148000	0.0000058103
0.0003149000	0.0000060545
0.0003150000	0.0000216795
0.0003151000	0.0000133787
0.0003152000	0.0000092283
0.0003153000	0.0000019041
0.0003154000	-0.0000005373
0.0003155000	0.0000194822
0.0003156000	0.0000128904
0.0003157000	0.0000109373
0.0003158000	0.0000197263
0.0003159000	0.0000067869
0.0003160000	0.0000116697
0.0003161000	0.0000202146
0.0003162000	0.0000133787
0.0003163000	0.0000197263
0.0003164000	0.0000189939
0.0003165000	0.0000177732
0.0003166000	0.0000111814
0.0003167000	0.0000204588
0.0003168000	0.0000087400
0.0003169000	0.0000138670
0.0003170000	0.0000263181
0.0003171000	0.0000072752
0.0003172000	0.0000163084
0.0003173000	0.0000172849
0.0003174000	0.0000116697
0.0003175000	0.0000160642
0.0003176000	0.0000133787
0.0003177000	0.0000087400
0.0003178000	0.0000165525
0.0003179000	0.0000204588
0.0003180000	0.0000131345
0.0003181000	0.0000258298
0.0003182000	0.0000062986
0.0003183000	0.0000158201
0.0003184000	0.0000158201
0.0003185000	0.0000133787
0.0003186000	0.0000153318
0.0003187000	0.0000170408
0.0003188000	0.0000021482
0.0003189000	0.0000104490
0.0003190000	0.0000062986
0.0003191000	0.0000153318
0.0003192000	0.0000202146
0.0003193000	0.0000119138
0.0003194000	0.0000204588
0.0003195000	0.0000128904
0.0003196000	0.0000043455
0.0003197000	0.0000187498
0.0003198000	0.0000094724
0.0003199000	0.0000114255
0.0003200000	0.0000194822
0.0003201000	0.0000165525
0.0003202000	0.0000204588
0.0003203000	0.0000167966
0.0003204000	0.0000087400
0.0003205000	0.0000089841
0.0003206000	-0.0000041995
0.0003207000	0.0000248533
0.0003208000	0.0000124021
0.0003209000	0.0000258298
0.0003210000	0.0000080076
0.0003211000	0.0000285154
0.0003212000	0.0000109373
0.0003213000	0.0000194822
0.0003214000	0.0000028806
0.0003215000	0.0000199705
0.0003216000	0.0000082517
0.0003217000	0.0000087400
0.0003218000	0.0000226560
0.0003219000	0.0000082517
0.0003220000	0.0000050779
0.0003221000	0.0000106931
0.0003222000	0.0000067869
0.0003223000	0.0000204588
0.0003224000	0.0000136228
0.0003225000	0.0000141111
0.0003226000	0.0000302244
0.0003227000	0.0000099607
0.0003228000	-0.0000017580
0.0003229000	0.0000214353
0.0003230000	0.0000094724
0.0003231000	0.0000072752
0.0003232000	0.0000126463
0.0003233000	0.0000104490
0.0003234000	0.0000182615
0.0003235000	0.0000145994
0.0003236000	0.0000050779
0.0003237000	0.0000143552
0.0003238000	0.0000143552
0.0003239000	0.0000207029
0.0003240000	0.0000067869
0.0003241000	0.0000160642
0.0003242000	-0.0000012698
0.0003243000	0.0000192380
0.0003244000	0.0000214353
0.0003245000	0.0000087400
0.0003246000	0.0000082517
0.0003247000	0.0000163084
0.0003248000	0.0000072752
0.0003249000	0.0000023923
0.0003250000	0.0000138670
0.0003251000	0.0000126463
0.0003252000	0.0000167966
0.0003253000	0.0000114255
0.0003254000	0.0000177732
0.0003255000	0.0000187498
0.0003256000	0.0000072752
0.0003257000	0.0000177732
0.0003258000	0.0000097166
0.0003259000	0.0000089841
0.0003260000	0.0000216795
0.0003261000	0.0000082517
0.0003262000	0.0000224119
0.0003263000	0.0000087400
0.0003264000	0.0000221677
0.0003265000	0.0000153318
0.0003266000	0.0000148435
0.0003267000	0.0000141111
0.0003268000	0.0000092283
0.0003269000	0.0000219236
0.0003270000	0.0000097166
0.0003271000	0.0000128904
0.0003272000	0.0000089841
0.0003273000	0.0000133787
0.0003274000	0.0000094724
0.0003275000	0.0000075193
0.0003276000	0.0000167966
0.0003277000	0.0000099607
0.0003278000	0.0000150877
0.0003279000	0.0000233884
0.0003280000	0.0000138670
0.0003281000	0.0000126463
0.0003282000	0.0000124021
0.0003283000	0.0000065427
0.0003284000	0.0000082517
0.0003285000	0.0000209470
0.0003286000	0.0000126463
0.0003287000	0.0000165525
0.0003288000	0.0000097166
0.0003289000	0.0000197263
0.0003290000	0.0000128904
0.0003291000	0.0000126463
0.0003292000	0.0000238767
0.0003293000	0.0000050779
0.0003294000	0.0000207029
0.0003295000	0.0000097166
0.0003296000	0.0000080076
0.0003297000	0.0000136228
0.0003298000	0.0000163084
0.0003299000	0.0000185056
0.0003300000	0.0000145994
0.0003301000	0.0000131345
0.0003302000	0.0000084959
0.0003303000	0.0000048338
0.0003304000	0.0000116697
0.0003305000	0.0000111814
0.0003306000	0.0000126463
0.0003307000	0.0000087400
0.0003308000	0.0000099607
0.0003309000	0.0000119138
0.0003310000	0.0000097166
0.0003311000	0.0000126463
0.0003312000	0.0000009275
0.0003313000	0.0000043455
0.0003314000	0.0000167966
0.0003315000	0.0000263181
0.0003316000	0.0000106931
0.0003317000	0.0000219236
0.0003318000	0.0000211912
0.0003319000	0.0000080076
0.0003320000	0.0000133787
0.0003321000	0.0000133787
0.0003322000	0.0000211912
0.0003323000	0.0000014158
0.0003324000	0.0000197263
0.0003325000	0.0000094724
0.0003326000	0.0000226560
0.0003327000	0.0000058103
0.0003328000	0.0000150877
0.0003329000	-0.0000044436
0.0003330000	0.0000177732
0.0003331000	0.0000089841
0.0003332000	0.0000148435
0.0003333000	0.0000185056
0.0003334000	0.0000062986
0.0003335000	0.0000065427
0.0003336000	0.0000153318
0.0003337000	0.0000236326
0.0003338000	0.0000089841
0.0003339000	0.0000153318
0.0003340000	0.0000065427
0.0003341000	0.0000092283
0.0003342000	0.0000111814
0.0003343000	0.0000067869
0.0003344000	0.0000180173
0.0003345000	0.0000141111
0.0003346000	0.0000023923
0.0003347000	0.0000153318
0.0003348000	0.0000182615
0.0003349000	0.0000031248
0.0003350000	0.0000109373
0.0003351000	0.0000109373
0.0003352000	0.0000285154
0.0003353000	0.0000148435
0.0003354000	0.0000221677
0.0003355000	0.0000185056
0.0003356000	0.0000106931
0.0003357000	0.0000075193
0.0003358000	0.0000106931
0.0003359000	0.0000272947
0.0003360000	0.0000194822
0.0003361000	0.0000131345
0.0003362000	0.0000104490
0.0003363000	0.0000216795
0.0003364000	0.0000106931
0.0003365000	0.0000055662
0.0003366000	0.0000219236
0.0003367000	0.0000111814
0.0003368000	0.0000177732
0.0003369000	0.0000177732
0.0003370000	0.0000226560
0.0003371000	0.0000177732
0.0003372000	0.0000175291
0.0003373000	0.0000119138
0.0003374000	0.0000106931
0.0003375000	0.0000102048
0.0003376000	0.0000145994
0.0003377000	0.0000131345
0.0003378000	0.0000182615
0.0003379000	0.0000150877
0.0003380000	0.0000163084
0.0003381000	0.0000219236
0.0003382000	0.0000192380
0.0003383000	0.0000126463
0.0003384000	0.0000145994
0.0003385000	0.0000272947
0.0003386000	0.0000226560
0.0003387000	0.0000077634
0.0003388000	0.0000082517
0.0003389000	0.0000119138
0.0003390000	0.0000185056
0.0003391000	0.0000148435
0.0003392000	-0.0000078616
0.0003393000	0.0000172849
0.0003394000	0.0000072752
0.0003395000	0.0000128904
0.0003396000	0.0000133787
0.0003397000	0.0000229002
0.0003398000	0.0000033689
0.0003399000	0.0000092283
0.0003400000	-0.0000005373
0.0003401000	0.0000087400
0.0003402000	0.0000148435
0.0003403000	0.0000131345
0.0003404000	0.0000158201
0.0003405000	0.0000136228
0.0003406000	0.0000148435
0.0003407000	0.0000192380
0.0003408000	0.0000182615
0.0003409000	0.0000072752
0.0003410000	0.0000116697
0.0003411000	0.0000221677
0.0003412000	0.0000229002
0.0003413000	0.0000045896
0.0003414000	0.0000143552
0.0003415000	0.0000082517
0.0003416000	0.0000126463
0.0003417000	0.0000114255
0.0003418000	0.0000133787
0.0003419000	0.0000158201
0.0003420000	0.0000045896
0.0003421000	0.0000219236
0.0003422000	0.0000121580
0.0003423000	0.0000207029
0.0003424000	0.0000119138
0.0003425000	0.0000155759
0.0003426000	0.0000187498
0.0003427000	0.0000226560
0.0003428000	0.0000172849
0.0003429000	0.0000170408
0.0003430000	0.0000141111
0.0003431000	0.0000043455
0.0003432000	0.0000145994
0.0003433000	0.0000194822
0.0003434000	-0.0000073733
0.0003435000	0.0000119138
0.0003436000	0.0000119138
0.0003437000	0.0000062986
0.0003438000	0.0000124021
0.0003439000	0.0000067869
0.0003440000	0.0000141111
0.0003441000	0.0000185056
0.0003442000	0.0000165525
0.0003443000	0.0000238767
0.0003444000	0.0000124021
0.0003445000	0.0000141111
0.0003446000	0.0000109373
0.0003447000	0.0000092283
0.0003448000	0.0000138670
0.0003449000	0.0000158201
0.0003450000	0.0000131345
0.0003451000	0.0000265623
0.0003452000	0.0000053220
0.0003453000	0.0000080076
0.0003454000	0.0000121580
0.0003455000	0.0000153318
0.0003456000	0.0000153318
0.0003457000	0.0000153318
0.0003458000	0.0000053220
0.0003459000	0.0000182615
0.0003460000	0.0000172849
0.0003461000	0.0000153318
0.0003462000	0.0000126463
0.0003463000	0.0000094724
0.0003464000	0.0000145994
0.0003465000	0.0000106931
0.0003466000	0.0000121580
0.0003467000	0.0000050779
0.0003468000	0.0000097166
0.0003469000	0.0000036130
0.0003470000	0.0000148435
0.0003471000	0.0000180173
0.0003472000	0.0000160642
0.0003473000	0.0000141111
0.0003474000	0.0000141111
0.0003475000	0.0000233884
0.0003476000	0.0000053220
0.0003477000	0.0000080076
0.0003478000	0.0000189939
0.0003479000	0.0000163084
0.0003480000	0.0000023923
0.0003481000	0.0000116697
0.0003482000	0.0000211912
0.0003483000	0.0000062986
0.0003484000	0.0000207029
0.0003485000	0.0000160642
0.0003486000	0.0000150877
0.0003487000	0.0000231443
0.0003488000	0.0000014158
0.0003489000	0.0000126463
0.0003490000	0.0000167966
0.0003491000	0.0000124021
0.0003492000	0.0000182615
0.0003493000	0.0000180173
0.0003494000	0.0000109373
0.0003495000	0.0000199705
0.0003496000	0.0000109373
0.0003497000	0.0000150877
0.0003498000	0.0000060545
0.0003499000	-0.0000002932
0.0003500000	0.0000160642
0.0003501000	0.0000082517
0.0003502000	0.0000097166
0.0003503000	0.0000138670
0.0003504000	0.0000187498
0.0003505000	0.0000275388
0.0003506000	0.0000041013
0.0003507000	0.0000211912
0.0003508000	0.0000111814
0.0003509000	0.0000060545
0.0003510000	0.0000233884
0.0003511000	0.0000148435
0.0003512000	0.0000133787
0.0003513000	0.0000128904
0.0003514000	0.0000124021
0.0003515000	0.0000211912
0.0003516000	0.0000133787
0.0003517000	0.0000109373
0.0003518000	0.0000055662
0.0003519000	0.0000111814
0.0003520000	0.0000084959
0.0003521000	0.0000241209
0.0003522000	0.0000148435
0.0003523000	0.0000094724
0.0003524000	0.0000192380
0.0003525000	0.0000148435
0.0003526000	0.0000082517
0.0003527000	0.0000038572
0.0003528000	0.0000155759
0.0003529000	0.0000275388
0.0003530000	0.0000153318
0.0003531000	0.0000221677
0.0003532000	0.0000094724
0.0003533000	0.0000133787
0.0003534000	0.0000170408
0.0003535000	0.0000209470
0.0003536000	0.0000114255
0.0003537000	0.0000128904
0.0003538000	0.0000050779
0.0003539000	0.0000202146
0.0003540000	0.0000009275
0.0003541000	0.0000001951
0.0003542000	0.0000163084
0.0003543000	-0.0000002932
0.0003544000	0.0000187498
0.0003545000	0.0000153318
0.0003546000	0.0000102048
0.0003547000	0.0000067869
0.0003548000	0.0000097166
0.0003549000	0.0000204588
0.0003550000	0.0000272947
0.0003551000	0.0000089841
0.0003552000	0.0000104490
0.0003553000	0.0000014158
0.0003554000	0.0000043455
0.0003555000	0.0000194822
0.0003556000	0.0000214353
0.0003557000	0.0000207029
0.0003558000	0.0000038572
0.0003559000	0.0000104490
0.0003560000	0.0000060545
0.0003561000	0.0000131345
0.0003562000	0.0000182615
0.0003563000	0.0000219236
0.0003564000	0.0000187498
0.0003565000	0.0000097166
0.0003566000	0.0000092283
0.0003567000	0.0000209470
0.0003568000	0.0000153318
0.0003569000	0.0000102048
0.0003570000	0.0000199705
0.0003571000	0.0000165525
0.0003572000	0.0000177732
0.0003573000	0.0000211912
0.0003574000	0.0000229002
0.0003575000	0.0000158201
0.0003576000	0.0000167966
0.0003577000	0.0000160642
0.0003578000	0.0000114255
0.0003579000	0.0000153318
0.0003580000	0.0000028806
0.0003581000	0.0000067869
0.0003582000	0.0000197263
0.0003583000	0.0000072752
0.0003584000	0.0000109373
0.0003585000	0.0000187498
0.0003586000	0.0000136228
0.0003587000	0.0000114255
0.0003588000	0.0000109373
0.0003589000	0.0000148435
0.0003590000	0.0000082517
0.0003591000	0.0000180173
0.0003592000	0.0000145994
0.0003593000	0.0000058103
0.0003594000	0.0000124021
0.0003595000	0.0000248533
0.0003596000	0.0000023923
0.0003597000	0.0000272947
0.0003598000	0.0000114255
0.0003599000	0.0000087400
0.0003600000	0.0000109373
0.0003601000	0.0000099607
0.0003602000	0.0000204588
0.0003603000	0.0000192380
0.0003604000	-0.0000015139
0.0003605000	0.0000138670
0.0003606000	0.0000089841
0.0003607000	0.0000050779
0.0003608000	0.0000187498
0.0003609000	0.0000224119
0.0003610000	0.0000043455
0.0003611000	0.0000236326
0.0003612000	0.0000165525
0.0003613000	0.0000167966
0.0003614000	0.0000153318
0.0003615000	0.0000258298
0.0003616000	0.0000082517
0.0003617000	0.0000211912
0.0003618000	0.0000153318
0.0003619000	0.0000099607
0.0003620000	0.0000075193
0.0003621000	0.0000116697
0.0003622000	0.0000075193
0.0003623000	0.0000082517
0.0003624000	0.0000094724
0.0003625000	0.0000001951
0.0003626000	0.0000116697
0.0003627000	0.0000197263
0.0003628000	0.0000050779
0.0003629000	0.0000060545
0.0003630000	0.0000182615
0.0003631000	0.0000290037
0.0003632000	0.0000145994
0.0003633000	0.0000236326
0.0003634000	0.0000036130
0.0003635000	0.0000133787
0.0003636000	0.0000126463
0.0003637000	0.0000243650
0.0003638000	0.0000028806
0.0003639000	0.0000170408
0.0003640000	0.0000150877
0.0003641000	0.0000258298
0.0003642000	0.0000124021
0.0003643000	0.0000084959
0.0003644000	0.0000116697
0.0003645000	0.0000165525
0.0003646000	0.0000121580
0.0003647000	0.0000153318
0.0003648000	0.0000109373
0.0003649000	0.0000131345
