70.0000000000	-78.3311020000
70.0062500000	-78.3361160000
70.0125000000	-78.3429310000
70.0187500000	-78.3506320000
70.0250000000	-78.3581310000
70.0312500000	-78.3645190000
70.0375000000	-78.3691990000
70.0437500000	-78.3717950000
70.0500000000	-78.3720850000
70.0562500000	-78.3697960000
70.0625000000	-78.3647560000
70.0687500000	-78.3569150000
70.0750000000	-78.3462970000
70.0812500000	-78.3331810000
70.0875000000	-78.3180510000
70.0937500000	-78.3016100000
70.1000000000	-78.2845700000
70.1062500000	-78.2674720000
70.1125000000	-78.2508350000
70.1187500000	-78.2348930000
70.1250000000	-78.2196790000
70.1312500000	-78.2051140000
70.1375000000	-78.1909310000
70.1437500000	-78.1767970000
70.1500000000	-78.1624070000
70.1562500000	-78.1474390000
70.1625000000	-78.1317010000
70.1687500000	-78.1153280000
70.1750000000	-78.0987320000
70.1812500000	-78.0825010000
70.1875000000	-78.0673030000
70.1937500000	-78.0538100000
70.2000000000	-78.0426100000
70.2062500000	-78.0341970000
70.2125000000	-78.0287170000
70.2187500000	-78.0262070000
70.2250000000	-78.0266310000
70.2312500000	-78.0298580000
70.2375000000	-78.0357730000
70.2437500000	-78.0441850000
70.2500000000	-78.0548270000
70.2562500000	-78.0673080000
70.2625000000	-78.0810700000
70.2687500000	-78.0955340000
70.2750000000	-78.1100930000
70.2812500000	-78.1241590000
70.2875000000	-78.1371950000
70.2937500000	-78.1486820000
70.3000000000	-78.1580220000
70.3062500000	-78.1644950000
70.3125000000	-78.1673030000
70.3187500000	-78.1656540000
70.3250000000	-78.1588370000
70.3312500000	-78.1462700000
70.3375000000	-78.1276710000
70.3437500000	-78.1032650000
70.3500000000	-78.0737400000
70.3562500000	-78.0401720000
70.3625000000	-78.0039210000
70.3687500000	-77.9664540000
70.3750000000	-77.9292960000
70.3812500000	-77.8941030000
70.3875000000	-77.8624750000
70.3937500000	-77.8357710000
70.4000000000	-77.8151120000
70.4062500000	-77.8010640000
70.4125000000	-77.7936050000
70.4187500000	-77.7922870000
70.4250000000	-77.7962130000
70.4312500000	-77.8041280000
70.4375000000	-77.8146450000
70.4437500000	-77.8264210000
70.4500000000	-77.8383130000
70.4562500000	-77.8493460000
70.4625000000	-77.8587000000
70.4687500000	-77.8656760000
70.4750000000	-77.8697690000
70.4812500000	-77.8705430000
70.4875000000	-77.8678000000
70.4937500000	-77.8615090000
70.5000000000	-77.8517580000
70.5062500000	-77.8387350000
70.5125000000	-77.8226840000
70.5187500000	-77.8040460000
70.5250000000	-77.7835320000
70.5312500000	-77.7619790000
70.5375000000	-77.7403100000
70.5437500000	-77.7193250000
70.5500000000	-77.6996340000
70.5562500000	-77.6817230000
70.5625000000	-77.6659560000
70.5687500000	-77.6527420000
70.5750000000	-77.6423870000
70.5812500000	-77.6352130000
70.5875000000	-77.6314510000
70.5937500000	-77.6311920000
70.6000000000	-77.6343600000
70.6062500000	-77.6406330000
70.6125000000	-77.6496890000
70.6187500000	-77.6610660000
70.6250000000	-77.6742400000
70.6312500000	-77.6887100000
70.6375000000	-77.7040150000
70.6437500000	-77.7197730000
70.6500000000	-77.7356680000
70.6562500000	-77.7514510000
70.6625000000	-77.7669770000
70.6687500000	-77.7823050000
70.6750000000	-77.7975890000
70.6812500000	-77.8130370000
70.6875000000	-77.8289360000
70.6937500000	-77.8455420000
70.7000000000	-77.8631260000
70.7062500000	-77.8818480000
70.7125000000	-77.9014810000
70.7187500000	-77.9214250000
70.7250000000	-77.9407510000
70.7312500000	-77.9582330000
70.7375000000	-77.9724450000
70.7437500000	-77.9820610000
70.7500000000	-77.9860600000
70.7562500000	-77.9837590000
70.7625000000	-77.9748990000
70.7687500000	-77.9596450000
70.7750000000	-77.9383340000
70.7812500000	-77.9115180000
70.7875000000	-77.8798960000
70.7937500000	-77.8443460000
70.8000000000	-77.8058920000
70.8062500000	-77.7656280000
70.8125000000	-77.7248080000
70.8187500000	-77.6847910000
70.8250000000	-77.6469290000
70.8312500000	-77.6125020000
70.8375000000	-77.5825880000
70.8437500000	-77.5579130000
70.8500000000	-77.5388080000
70.8562500000	-77.5252760000
70.8625000000	-77.5169940000
70.8687500000	-77.5135030000
70.8750000000	-77.5141740000
70.8812500000	-77.5180880000
70.8875000000	-77.5241760000
70.8937500000	-77.5314300000
70.9000000000	-77.5388480000
70.9062500000	-77.5455660000
70.9125000000	-77.5510280000
70.9187500000	-77.5550600000
70.9250000000	-77.5578640000
70.9312500000	-77.5598740000
70.9375000000	-77.5616630000
70.9437500000	-77.5637700000
70.9500000000	-77.5666250000
70.9562500000	-77.5705260000
70.9625000000	-77.5755710000
70.9687500000	-77.5817610000
70.9750000000	-77.5890520000
70.9812500000	-77.5973110000
70.9875000000	-77.6063600000
70.9937500000	-77.6160690000
71.0000000000	-77.6264190000
71.0062500000	-77.6373000000
71.0125000000	-77.6484330000
71.0187500000	-77.6593790000
71.0250000000	-77.6695130000
71.0312500000	-77.6778770000
71.0375000000	-77.6832100000
71.0437500000	-77.6841370000
71.0500000000	-77.6793940000
71.0562500000	-77.6681640000
71.0625000000	-77.6501300000
71.0687500000	-77.6255340000
71.0750000000	-77.5951350000
71.0812500000	-77.5600410000
71.0875000000	-77.5215170000
71.0937500000	-77.4809610000
71.1000000000	-77.4398070000
71.1062500000	-77.3994010000
71.1125000000	-77.3610240000
71.1187500000	-77.3259000000
71.1250000000	-77.2949840000
71.1312500000	-77.2689740000
71.1375000000	-77.2484420000
71.1437500000	-77.2334810000
71.1500000000	-77.2240660000
71.1562500000	-77.2201650000
71.1625000000	-77.2217580000
71.1687500000	-77.2289200000
71.1750000000	-77.2419650000
71.1812500000	-77.2611830000
71.1875000000	-77.2867750000
71.1937500000	-77.3185370000
71.2000000000	-77.3558450000
71.2062500000	-77.3976800000
71.2125000000	-77.4428300000
71.2187500000	-77.4898680000
71.2250000000	-77.5371680000
71.2312500000	-77.5831940000
71.2375000000	-77.6264890000
71.2437500000	-77.6656110000
71.2500000000	-77.6993010000
71.2562500000	-77.7267280000
71.2625000000	-77.7473260000
71.2687500000	-77.7609490000
71.2750000000	-77.7679970000
71.2812500000	-77.7692110000
71.2875000000	-77.7657230000
71.2937500000	-77.7586670000
71.3000000000	-77.7491490000
71.3062500000	-77.7379100000
71.3125000000	-77.7254350000
71.3187500000	-77.7118940000
71.3250000000	-77.6972270000
71.3312500000	-77.6813370000
71.3375000000	-77.6641130000
71.3437500000	-77.6455560000
71.3500000000	-77.6256590000
71.3562500000	-77.6044090000
71.3625000000	-77.5819110000
71.3687500000	-77.5582590000
71.3750000000	-77.5336410000
71.3812500000	-77.5084330000
71.3875000000	-77.4828400000
71.3937500000	-77.4569710000
71.4000000000	-77.4308020000
71.4062500000	-77.4042090000
71.4125000000	-77.3771010000
71.4187500000	-77.3493990000
71.4250000000	-77.3211030000
71.4312500000	-77.2924240000
71.4375000000	-77.2636800000
71.4437500000	-77.2350570000
71.4500000000	-77.2065950000
71.4562500000	-77.1782310000
71.4625000000	-77.1498620000
71.4687500000	-77.1214440000
71.4750000000	-77.0929640000
71.4812500000	-77.0644310000
71.4875000000	-77.0360840000
71.4937500000	-77.0083030000
71.5000000000	-76.9816800000
71.5062500000	-76.9570020000
71.5125000000	-76.9351080000
71.5187500000	-76.9167170000
71.5250000000	-76.9024800000
71.5312500000	-76.8927940000
71.5375000000	-76.8877570000
71.5437500000	-76.8870320000
71.5500000000	-76.8899390000
71.5562500000	-76.8956990000
71.5625000000	-76.9034650000
71.5687500000	-76.9124540000
71.5750000000	-76.9220270000
71.5812500000	-76.9317790000
71.5875000000	-76.9414410000
71.5937500000	-76.9507620000
71.6000000000	-76.9594300000
71.6062500000	-76.9671460000
71.6125000000	-76.9737510000
71.6187500000	-76.9793140000
71.6250000000	-76.9840150000
71.6312500000	-76.9881400000
71.6375000000	-76.9921140000
71.6437500000	-76.9963690000
71.6500000000	-77.0012620000
71.6562500000	-77.0070730000
71.6625000000	-77.0139760000
71.6687500000	-77.0217690000
71.6750000000	-77.0299450000
71.6812500000	-77.0378420000
71.6875000000	-77.0447950000
71.6937500000	-77.0501280000
71.7000000000	-77.0531950000
71.7062500000	-77.0536370000
71.7125000000	-77.0513840000
71.7187500000	-77.0465250000
71.7250000000	-77.0394490000
71.7312500000	-77.0308080000
71.7375000000	-77.0214330000
71.7437500000	-77.0121970000
71.7500000000	-77.0039490000
71.7562500000	-76.9974280000
71.7625000000	-76.9932670000
71.7687500000	-76.9918490000
71.7750000000	-76.9933030000
71.7812500000	-76.9974130000
71.7875000000	-77.0037540000
71.7937500000	-77.0117320000
71.8000000000	-77.0205780000
71.8062500000	-77.0295000000
71.8125000000	-77.0377670000
71.8187500000	-77.0447120000
71.8250000000	-77.0497040000
71.8312500000	-77.0523200000
71.8375000000	-77.0522240000
71.8437500000	-77.0493160000
71.8500000000	-77.0438980000
71.8562500000	-77.0366150000
71.8625000000	-77.0282460000
71.8687500000	-77.0195220000
71.8750000000	-77.0110460000
71.8812500000	-77.0032900000
71.8875000000	-76.9965230000
71.8937500000	-76.9905750000
71.9000000000	-76.9850080000
71.9062500000	-76.9792240000
71.9125000000	-76.9725580000
71.9187500000	-76.9643930000
71.9250000000	-76.9541910000
71.9312500000	-76.9416050000
71.9375000000	-76.9264130000
71.9437500000	-76.9085440000
71.9500000000	-76.8880860000
71.9562500000	-76.8653570000
71.9625000000	-76.8408400000
71.9687500000	-76.8151240000
71.9750000000	-76.7887440000
71.9812500000	-76.7619550000
71.9875000000	-76.7347610000
71.9937500000	-76.7072200000
72.0000000000	-76.6794500000
72.0062500000	-76.6518000000
72.0125000000	-76.6248680000
72.0187500000	-76.5995730000
72.0250000000	-76.5770550000
72.0312500000	-76.5586220000
72.0375000000	-76.5456930000
72.0437500000	-76.5395420000
72.0500000000	-76.5410320000
72.0562500000	-76.5505730000
72.0625000000	-76.5679470000
72.0687500000	-76.5923520000
72.0750000000	-76.6224380000
72.0812500000	-76.6564480000
72.0875000000	-76.6924100000
72.0937500000	-76.7283460000
72.1000000000	-76.7625750000
72.1062500000	-76.7936270000
72.1125000000	-76.8203960000
72.1187500000	-76.8421610000
72.1250000000	-76.8585380000
72.1312500000	-76.8696030000
72.1375000000	-76.8756520000
72.1437500000	-76.8772880000
72.1500000000	-76.8752840000
72.1562500000	-76.8705310000
72.1625000000	-76.8638530000
72.1687500000	-76.8559140000
72.1750000000	-76.8471910000
72.1812500000	-76.8378280000
72.1875000000	-76.8278380000
72.1937500000	-76.8171810000
72.2000000000	-76.8059210000
72.2062500000	-76.7941660000
72.2125000000	-76.7823430000
72.2187500000	-76.7710940000
72.2250000000	-76.7608560000
72.2312500000	-76.7520120000
72.2375000000	-76.7446850000
72.2437500000	-76.7387790000
72.2500000000	-76.7339680000
72.2562500000	-76.7298620000
72.2625000000	-76.7261690000
72.2687500000	-76.7226920000
72.2750000000	-76.7192230000
72.2812500000	-76.7155500000
72.2875000000	-76.7115510000
72.2937500000	-76.7070540000
72.3000000000	-76.7018110000
72.3062500000	-76.6955750000
72.3125000000	-76.6880870000
72.3187500000	-76.6792640000
72.3250000000	-76.6691150000
72.3312500000	-76.6577090000
72.3375000000	-76.6451850000
72.3437500000	-76.6319410000
72.3500000000	-76.6184730000
72.3562500000	-76.6052890000
72.3625000000	-76.5928300000
72.3687500000	-76.5814370000
72.3750000000	-76.5712780000
72.3812500000	-76.5623190000
72.3875000000	-76.5541750000
72.3937500000	-76.5461570000
72.4000000000	-76.5373880000
72.4062500000	-76.5269630000
72.4125000000	-76.5142390000
72.4187500000	-76.4986980000
72.4250000000	-76.4799800000
72.4312500000	-76.4578990000
72.4375000000	-76.4323660000
72.4437500000	-76.4035070000
72.4500000000	-76.3717240000
72.4562500000	-76.3376990000
72.4625000000	-76.3024050000
72.4687500000	-76.2668750000
72.4750000000	-76.2322230000
72.4812500000	-76.1995940000
72.4875000000	-76.1698980000
72.4937500000	-76.1437950000
72.5000000000	-76.1216550000
72.5062500000	-76.1035980000
72.5125000000	-76.0895380000
72.5187500000	-76.0792940000
72.5250000000	-76.0725730000
72.5312500000	-76.0689810000
72.5375000000	-76.0680650000
72.5437500000	-76.0692040000
72.5500000000	-76.0715730000
72.5562500000	-76.0742820000
72.5625000000	-76.0764100000
72.5687500000	-76.0770590000
72.5750000000	-76.0756710000
72.5812500000	-76.0718770000
72.5875000000	-76.0653560000
72.5937500000	-76.0561000000
72.6000000000	-76.0443820000
72.6062500000	-76.0304720000
72.6125000000	-76.0147590000
72.6187500000	-75.9976780000
72.6250000000	-75.9796840000
72.6312500000	-75.9613000000
72.6375000000	-75.9432270000
72.6437500000	-75.9261810000
72.6500000000	-75.9108520000
72.6562500000	-75.8979880000
72.6625000000	-75.8883600000
72.6687500000	-75.8827400000
72.6750000000	-75.8817910000
72.6812500000	-75.8859350000
72.6875000000	-75.8952910000
72.6937500000	-75.9096970000
72.7000000000	-75.9286430000
72.7062500000	-75.9514520000
72.7125000000	-75.9771800000
72.7187500000	-76.0047040000
72.7250000000	-76.0329110000
72.7312500000	-76.0606160000
72.7375000000	-76.0868570000
72.7437500000	-76.1110560000
72.7500000000	-76.1327770000
72.7562500000	-76.1517150000
72.7625000000	-76.1676700000
72.7687500000	-76.1804990000
72.7750000000	-76.1901960000
72.7812500000	-76.1969520000
72.7875000000	-76.2010340000
72.7937500000	-76.2028260000
72.8000000000	-76.2027290000
72.8062500000	-76.2011290000
72.8125000000	-76.1982950000
72.8187500000	-76.1944260000
72.8250000000	-76.1896830000
72.8312500000	-76.1840500000
72.8375000000	-76.1773960000
72.8437500000	-76.1696110000
72.8500000000	-76.1605720000
72.8562500000	-76.1502030000
72.8625000000	-76.1385190000
72.8687500000	-76.1256130000
72.8750000000	-76.1117160000
72.8812500000	-76.0972030000
72.8875000000	-76.0826230000
72.8937500000	-76.0686510000
72.9000000000	-76.0559220000
72.9062500000	-76.0447590000
72.9125000000	-76.0352420000
72.9187500000	-76.0271360000
72.9250000000	-76.0200530000
72.9312500000	-76.0135410000
72.9375000000	-76.0072420000
72.9437500000	-76.0007830000
72.9500000000	-75.9937120000
72.9562500000	-75.9855400000
72.9625000000	-75.9759130000
72.9687500000	-75.9648170000
72.9750000000	-75.9524450000
72.9812500000	-75.9392090000
72.9875000000	-75.9257470000
72.9937500000	-75.9126560000
73.0000000000	-75.9001680000
73.0062500000	-75.8881990000
73.0125000000	-75.8764060000
73.0187500000	-75.8642720000
73.0250000000	-75.8513560000
73.0312500000	-75.8373600000
73.0375000000	-75.8222200000
73.0437500000	-75.8061400000
73.0500000000	-75.7894580000
73.0562500000	-75.7725600000
73.0625000000	-75.7559300000
73.0687500000	-75.7398700000
73.0750000000	-75.7245950000
73.0812500000	-75.7101400000
73.0875000000	-75.6963860000
73.0937500000	-75.6830580000
73.1000000000	-75.6698730000
73.1062500000	-75.6567140000
73.1125000000	-75.6437590000
73.1187500000	-75.6313550000
73.1250000000	-75.6200840000
73.1312500000	-75.6107290000
73.1375000000	-75.6040570000
73.1437500000	-75.6005720000
73.1500000000	-75.6005490000
73.1562500000	-75.6038680000
73.1625000000	-75.6100150000
73.1687500000	-75.6182820000
73.1750000000	-75.6278330000
73.1812500000	-75.6377840000
73.1875000000	-75.6473780000
73.1937500000	-75.6559600000
73.2000000000	-75.6630100000
73.2062500000	-75.6683360000
73.2125000000	-75.6720630000
73.2187500000	-75.6743750000
73.2250000000	-75.6753440000
73.2312500000	-75.6749910000
73.2375000000	-75.6732690000
73.2437500000	-75.6699980000
73.2500000000	-75.6648920000
73.2562500000	-75.6576090000
73.2625000000	-75.6478150000
73.2687500000	-75.6352770000
73.2750000000	-75.6198570000
73.2812500000	-75.6016160000
73.2875000000	-75.5808540000
73.2937500000	-75.5579960000
73.3000000000	-75.5336510000
73.3062500000	-75.5086370000
73.3125000000	-75.4840450000
73.3187500000	-75.4611520000
73.3250000000	-75.4412580000
73.3312500000	-75.4253670000
73.3375000000	-75.4138300000
73.3437500000	-75.4065100000
73.3500000000	-75.4027070000
73.3562500000	-75.4013520000
73.3625000000	-75.4011850000
73.3687500000	-75.4009820000
73.3750000000	-75.3998040000
73.3812500000	-75.3970380000
73.3875000000	-75.3924420000
73.3937500000	-75.3859370000
73.4000000000	-75.3774860000
73.4062500000	-75.3671980000
73.4125000000	-75.3552360000
73.4187500000	-75.3417650000
73.4250000000	-75.3271250000
73.4312500000	-75.3117990000
73.4375000000	-75.2964860000
73.4437500000	-75.2818780000
73.4500000000	-75.2687230000
73.4562500000	-75.2576730000
73.4625000000	-75.2490670000
73.4687500000	-75.2430460000
73.4750000000	-75.2395810000
73.4812500000	-75.2384290000
73.4875000000	-75.2393690000
73.4937500000	-75.2420920000
73.5000000000	-75.2463560000
73.5062500000	-75.2519760000
73.5125000000	-75.2589750000
73.5187500000	-75.2675580000
73.5250000000	-75.2779400000
73.5312500000	-75.2904600000
73.5375000000	-75.3053820000
73.5437500000	-75.3227670000
73.5500000000	-75.3422280000
73.5562500000	-75.3631150000
73.5625000000	-75.3843960000
73.5687500000	-75.4048010000
73.5750000000	-75.4229330000
73.5812500000	-75.4374280000
73.5875000000	-75.4473890000
73.5937500000	-75.4523930000
73.6000000000	-75.4524120000
73.6062500000	-75.4478110000
73.6125000000	-75.4391820000
73.6187500000	-75.4272960000
73.6250000000	-75.4129230000
73.6312500000	-75.3967620000
73.6375000000	-75.3793300000
73.6437500000	-75.3611090000
73.6500000000	-75.3424530000
73.6562500000	-75.3236700000
73.6625000000	-75.3051420000
73.6687500000	-75.2871080000
73.6750000000	-75.2695660000
73.6812500000	-75.2526210000
73.6875000000	-75.2363580000
73.6937500000	-75.2205760000
73.7000000000	-75.2052330000
73.7062500000	-75.1904040000
73.7125000000	-75.1760760000
73.7187500000	-75.1623670000
73.7250000000	-75.1493160000
73.7312500000	-75.1368640000
73.7375000000	-75.1250530000
73.7437500000	-75.1139840000
73.7500000000	-75.1036890000
73.7562500000	-75.0942130000
73.7625000000	-75.0855150000
73.7687500000	-75.0773650000
73.7750000000	-75.0695570000
73.7812500000	-75.0619270000
73.7875000000	-75.0543000000
73.7937500000	-75.0464120000
73.8000000000	-75.0379690000
73.8062500000	-75.0287040000
73.8125000000	-75.0183880000
73.8187500000	-75.0068340000
73.8250000000	-74.9939440000
73.8312500000	-74.9798100000
73.8375000000	-74.9644880000
73.8437500000	-74.9480140000
73.8500000000	-74.9305960000
73.8562500000	-74.9126620000
73.8625000000	-74.8946250000
73.8687500000	-74.8768520000
73.8750000000	-74.8595960000
73.8812500000	-74.8429900000
73.8875000000	-74.8270240000
73.8937500000	-74.8116480000
73.9000000000	-74.7969520000
73.9062500000	-74.7830700000
73.9125000000	-74.7699850000
73.9187500000	-74.7575950000
73.9250000000	-74.7457090000
73.9312500000	-74.7340030000
73.9375000000	-74.7220350000
73.9437500000	-74.7093590000
73.9500000000	-74.6955320000
73.9562500000	-74.6801830000
73.9625000000	-74.6632180000
73.9687500000	-74.6449980000
73.9750000000	-74.6261640000
73.9812500000	-74.6076170000
73.9875000000	-74.5906260000
73.9937500000	-74.5764690000
74.0000000000	-74.5662300000
74.0062500000	-74.5606600000
74.0125000000	-74.5602900000
74.0187500000	-74.5653180000
74.0250000000	-74.5756340000
74.0312500000	-74.5907550000
74.0375000000	-74.6098660000
74.0437500000	-74.6319680000
74.0500000000	-74.6557680000
74.0562500000	-74.6798190000
74.0625000000	-74.7027740000
74.0687500000	-74.7233290000
74.0750000000	-74.7402520000
74.0812500000	-74.7524870000
74.0875000000	-74.7591310000
74.0937500000	-74.7596330000
74.1000000000	-74.7537310000
74.1062500000	-74.7413990000
74.1125000000	-74.7228190000
74.1187500000	-74.6983180000
74.1250000000	-74.6685080000
74.1312500000	-74.6341990000
74.1375000000	-74.5965060000
74.1437500000	-74.5567650000
74.1500000000	-74.5165450000
74.1562500000	-74.4774670000
74.1625000000	-74.4409440000
74.1687500000	-74.4081710000
74.1750000000	-74.3800410000
74.1812500000	-74.3571100000
74.1875000000	-74.3395380000
74.1937500000	-74.3271400000
74.2000000000	-74.3193980000
74.2062500000	-74.3155150000
74.2125000000	-74.3146060000
74.2187500000	-74.3157580000
74.2250000000	-74.3179900000
74.2312500000	-74.3202270000
74.2375000000	-74.3212940000
74.2437500000	-74.3200270000
74.2500000000	-74.3153010000
74.2562500000	-74.3062060000
74.2625000000	-74.2922030000
74.2687500000	-74.2732810000
74.2750000000	-74.2498690000
74.2812500000	-74.2227530000
74.2875000000	-74.1929900000
74.2937500000	-74.1619130000
74.3000000000	-74.1309450000
74.3062500000	-74.1015630000
74.3125000000	-74.0751540000
74.3187500000	-74.0528490000
74.3250000000	-74.0355560000
74.3312500000	-74.0239760000
74.3375000000	-74.0183970000
74.3437500000	-74.0186300000
74.3500000000	-74.0241860000
74.3562500000	-74.0342250000
74.3625000000	-74.0475060000
74.3687500000	-74.0626560000
74.3750000000	-74.0783660000
74.3812500000	-74.0934460000
74.3875000000	-74.1070280000
74.3937500000	-74.1186840000
74.4000000000	-74.1283810000
74.4062500000	-74.1363710000
74.4125000000	-74.1430420000
74.4187500000	-74.1489130000
74.4250000000	-74.1543560000
74.4312500000	-74.1595460000
74.4375000000	-74.1643680000
74.4437500000	-74.1685620000
74.4500000000	-74.1717610000
74.4562500000	-74.1736010000
74.4625000000	-74.1735400000
74.4687500000	-74.1710390000
74.4750000000	-74.1657880000
74.4812500000	-74.1574790000
74.4875000000	-74.1459170000
74.4937500000	-74.1311470000
74.5000000000	-74.1134150000
74.5062500000	-74.0931050000
74.5125000000	-74.0707930000
74.5187500000	-74.0471590000
74.5250000000	-74.0229640000
74.5312500000	-73.9987160000
74.5375000000	-73.9747750000
74.5437500000	-73.9513690000
74.5500000000	-73.9287250000
74.5562500000	-73.9070680000
74.5625000000	-73.8864420000
74.5687500000	-73.8668310000
74.5750000000	-73.8482550000
74.5812500000	-73.8305540000
74.5875000000	-73.8134460000
74.5937500000	-73.7965410000
74.6000000000	-73.7794810000
74.6062500000	-73.7618780000
74.6125000000	-73.7434280000
74.6187500000	-73.7240000000
74.6250000000	-73.7036130000
74.6312500000	-73.6823690000
74.6375000000	-73.6605060000
74.6437500000	-73.6384250000
74.6500000000	-73.6166930000
74.6562500000	-73.5959930000
74.6625000000	-73.5770200000
74.6687500000	-73.5604210000
74.6750000000	-73.5465630000
74.6812500000	-73.5354590000
74.6875000000	-73.5268770000
74.6937500000	-73.5203680000
74.7000000000	-73.5151820000
74.7062500000	-73.5102870000
74.7125000000	-73.5044940000
74.7187500000	-73.4968310000
74.7250000000	-73.4868000000
74.7312500000	-73.4744330000
74.7375000000	-73.4602420000
74.7437500000	-73.4450460000
74.7500000000	-73.4297130000
74.7562500000	-73.4151410000
74.7625000000	-73.4023590000
74.7687500000	-73.3921750000
74.7750000000	-73.3850970000
74.7812500000	-73.3814290000
74.7875000000	-73.3811050000
74.7937500000	-73.3838310000
74.8000000000	-73.3892100000
74.8062500000	-73.3965250000
74.8125000000	-73.4048830000
74.8187500000	-73.4132090000
74.8250000000	-73.4204720000
74.8312500000	-73.4257160000
74.8375000000	-73.4280790000
74.8437500000	-73.4268450000
74.8500000000	-73.4213330000
74.8562500000	-73.4109940000
74.8625000000	-73.3955390000
74.8687500000	-73.3749680000
74.8750000000	-73.3496760000
74.8812500000	-73.3203980000
74.8875000000	-73.2881800000
74.8937500000	-73.2540870000
74.9000000000	-73.2190460000
74.9062500000	-73.1837500000
74.9125000000	-73.1484770000
74.9187500000	-73.1131800000
74.9250000000	-73.0776420000
74.9312500000	-73.0414540000
74.9375000000	-73.0042890000
74.9437500000	-72.9659990000
74.9500000000	-72.9268150000
74.9562500000	-72.8873620000
74.9625000000	-72.8485060000
74.9687500000	-72.8112110000
74.9750000000	-72.7765800000
74.9812500000	-72.7457010000
74.9875000000	-72.7194080000
74.9937500000	-72.6981700000
75.0000000000	-72.6820260000
75.0062500000	-72.6709650000
75.0125000000	-72.6645300000
75.0187500000	-72.6620510000
75.0250000000	-72.6626880000
75.0312500000	-72.6656300000
75.0375000000	-72.6700990000
75.0437500000	-72.6753230000
75.0500000000	-72.6805920000
75.0562500000	-72.6851460000
75.0625000000	-72.6883220000
75.0687500000	-72.6894740000
75.0750000000	-72.6878750000
75.0812500000	-72.6827760000
75.0875000000	-72.6733260000
75.0937500000	-72.6585880000
75.1000000000	-72.6377450000
75.1062500000	-72.6102220000
75.1125000000	-72.5758590000
75.1187500000	-72.5350790000
75.1250000000	-72.4889200000
75.1312500000	-72.4386720000
75.1375000000	-72.3859880000
75.1437500000	-72.3329440000
75.1500000000	-72.2816210000
75.1562500000	-72.2340290000
75.1625000000	-72.1919560000
75.1687500000	-72.1568230000
75.1750000000	-72.1294650000
75.1812500000	-72.1103100000
75.1875000000	-72.0993820000
75.1937500000	-72.0962650000
75.2000000000	-72.1000290000
75.2062500000	-72.1093270000
75.2125000000	-72.1226120000
75.2187500000	-72.1382430000
75.2250000000	-72.1546400000
75.2312500000	-72.1704300000
75.2375000000	-72.1846370000
75.2437500000	-72.1965510000
75.2500000000	-72.2056350000
75.2562500000	-72.2116050000
75.2625000000	-72.2143820000
75.2687500000	-72.2140470000
75.2750000000	-72.2107780000
75.2812500000	-72.2050230000
75.2875000000	-72.1974820000
75.2937500000	-72.1889440000
75.3000000000	-72.1803050000
75.3062500000	-72.1726540000
75.3125000000	-72.1670070000
75.3187500000	-72.1641880000
75.3250000000	-72.1647770000
75.3312500000	-72.1687820000
75.3375000000	-72.1755990000
75.3437500000	-72.1841760000
75.3500000000	-72.1932410000
75.3562500000	-72.2014700000
75.3625000000	-72.2075830000
75.3687500000	-72.2106380000
75.3750000000	-72.2100600000
75.3812500000	-72.2054950000
75.3875000000	-72.1966840000
75.3937500000	-72.1835600000
75.4000000000	-72.1661000000
75.4062500000	-72.1445050000
75.4125000000	-72.1193140000
75.4187500000	-72.0914450000
75.4250000000	-72.0621840000
75.4312500000	-72.0330160000
75.4375000000	-72.0055900000
75.4437500000	-71.9814280000
75.4500000000	-71.9618580000
75.4562500000	-71.9477970000
75.4625000000	-71.9396230000
75.4687500000	-71.9371480000
75.4750000000	-71.9397770000
75.4812500000	-71.9466920000
75.4875000000	-71.9568700000
75.4937500000	-71.9692370000
75.5000000000	-71.9825230000
75.5062500000	-71.9954730000
75.5125000000	-72.0069110000
75.5187500000	-72.0157620000
75.5250000000	-72.0210260000
75.5312500000	-72.0218440000
75.5375000000	-72.0178460000
75.5437500000	-72.0091270000
75.5500000000	-71.9959190000
75.5562500000	-71.9788640000
75.5625000000	-71.9588700000
75.5687500000	-71.9368410000
75.5750000000	-71.9136170000
75.5812500000	-71.8899270000
75.5875000000	-71.8663680000
75.5937500000	-71.8434020000
75.6000000000	-71.8212250000
75.6062500000	-71.8000600000
75.6125000000	-71.7799620000
75.6187500000	-71.7608320000
75.6250000000	-71.7425730000
75.6312500000	-71.7250050000
75.6375000000	-71.7078900000
75.6437500000	-71.6907830000
75.6500000000	-71.6730500000
75.6562500000	-71.6539040000
75.6625000000	-71.6325920000
75.6687500000	-71.6084620000
75.6750000000	-71.5811270000
75.6812500000	-71.5504920000
75.6875000000	-71.5167970000
75.6937500000	-71.4805100000
75.7000000000	-71.4421920000
75.7062500000	-71.4025820000
75.7125000000	-71.3624720000
75.7187500000	-71.3226400000
75.7250000000	-71.2841160000
75.7312500000	-71.2480610000
75.7375000000	-71.2154900000
75.7437500000	-71.1873240000
75.7500000000	-71.1642400000
75.7562500000	-71.1464380000
75.7625000000	-71.1336620000
75.7687500000	-71.1254590000
75.7750000000	-71.1211870000
75.7812500000	-71.1200040000
75.7875000000	-71.1208600000
75.7937500000	-71.1226570000
75.8000000000	-71.1241920000
75.8062500000	-71.1243020000
75.8125000000	-71.1219810000
75.8187500000	-71.1165350000
75.8250000000	-71.1075190000
75.8312500000	-71.0948230000
75.8375000000	-71.0787420000
75.8437500000	-71.0598670000
75.8500000000	-71.0389430000
75.8562500000	-71.0168960000
75.8625000000	-70.9948090000
75.8687500000	-70.9737380000
75.8750000000	-70.9547160000
75.8812500000	-70.9385090000
75.8875000000	-70.9253660000
75.8937500000	-70.9151430000
75.9000000000	-70.9075330000
75.9062500000	-70.9022230000
75.9125000000	-70.8986470000
75.9187500000	-70.8961620000
75.9250000000	-70.8940060000
75.9312500000	-70.8913310000
75.9375000000	-70.8871330000
75.9437500000	-70.8804710000
75.9500000000	-70.8705340000
75.9562500000	-70.8567990000
75.9625000000	-70.8389820000
75.9687500000	-70.8171530000
75.9750000000	-70.7916810000
75.9812500000	-70.7633040000
75.9875000000	-70.7331840000
75.9937500000	-70.7025770000
76.0000000000	-70.6726390000
76.0062500000	-70.6443920000
76.0125000000	-70.6186200000
76.0187500000	-70.5959120000
76.0250000000	-70.5765100000
76.0312500000	-70.5602930000
76.0375000000	-70.5468710000
76.0437500000	-70.5355290000
76.0500000000	-70.5253830000
76.0562500000	-70.5156650000
76.0625000000	-70.5056030000
76.0687500000	-70.4945580000
76.0750000000	-70.4821880000
76.0812500000	-70.4684650000
76.0875000000	-70.4536950000
76.0937500000	-70.4382070000
76.1000000000	-70.4224730000
76.1062500000	-70.4069650000
76.1125000000	-70.3920710000
76.1187500000	-70.3779220000
76.1250000000	-70.3645110000
76.1312500000	-70.3516970000
76.1375000000	-70.3391380000
76.1437500000	-70.3265310000
76.1500000000	-70.3135450000
76.1562500000	-70.2997620000
76.1625000000	-70.2848020000
76.1687500000	-70.2683140000
76.1750000000	-70.2500830000
76.1812500000	-70.2300390000
76.1875000000	-70.2083730000
76.1937500000	-70.1855300000
76.2000000000	-70.1620120000
76.2062500000	-70.1383570000
76.2125000000	-70.1149810000
76.2187500000	-70.0921950000
76.2250000000	-70.0702730000
76.2312500000	-70.0493260000
76.2375000000	-70.0296310000
76.2437500000	-70.0116120000
76.2500000000	-69.9956570000
76.2562500000	-69.9821960000
76.2625000000	-69.9714480000
76.2687500000	-69.9635950000
76.2750000000	-69.9586110000
76.2812500000	-69.9562540000
76.2875000000	-69.9560470000
76.2937500000	-69.9572360000
76.3000000000	-69.9586780000
76.3062500000	-69.9591540000
76.3125000000	-69.9574850000
76.3187500000	-69.9526350000
76.3250000000	-69.9437850000
76.3312500000	-69.9303510000
76.3375000000	-69.9121830000
76.3437500000	-69.8895970000
76.3500000000	-69.8631320000
76.3562500000	-69.8335250000
76.3625000000	-69.8016480000
76.3687500000	-69.7684300000
76.3750000000	-69.7348130000
76.3812500000	-69.7018940000
76.3875000000	-69.6707350000
76.3937500000	-69.6423020000
76.4000000000	-69.6174830000
76.4062500000	-69.5971810000
76.4125000000	-69.5821540000
76.4187500000	-69.5729710000
76.4250000000	-69.5699530000
76.4312500000	-69.5732050000
76.4375000000	-69.5824970000
76.4437500000	-69.5972790000
76.4500000000	-69.6166220000
76.4562500000	-69.6392570000
76.4625000000	-69.6638140000
76.4687500000	-69.6888460000
76.4750000000	-69.7128120000
76.4812500000	-69.7340290000
76.4875000000	-69.7508100000
76.4937500000	-69.7616510000
76.5000000000	-69.7652460000
76.5062500000	-69.7607510000
76.5125000000	-69.7479220000
76.5187500000	-69.7272940000
76.5250000000	-69.6999890000
76.5312500000	-69.6676110000
76.5375000000	-69.6319470000
76.5437500000	-69.5949690000
76.5500000000	-69.5585580000
76.5562500000	-69.5244320000
76.5625000000	-69.4940820000
76.5687500000	-69.4686570000
76.5750000000	-69.4488240000
76.5812500000	-69.4348510000
76.5875000000	-69.4264160000
76.5937500000	-69.4226180000
76.6000000000	-69.4223550000
76.6062500000	-69.4245080000
76.6125000000	-69.4282650000
76.6187500000	-69.4332300000
76.6250000000	-69.4392530000
76.6312500000	-69.4462170000
76.6375000000	-69.4537880000
76.6437500000	-69.4613640000
76.6500000000	-69.4678570000
76.6562500000	-69.4715750000
76.6625000000	-69.4705970000
76.6687500000	-69.4633040000
76.6750000000	-69.4484170000
76.6812500000	-69.4253210000
76.6875000000	-69.3941910000
76.6937500000	-69.3560080000
76.7000000000	-69.3122660000
76.7062500000	-69.2647200000
76.7125000000	-69.2152910000
76.7187500000	-69.1658520000
76.7250000000	-69.1179790000
76.7312500000	-69.0731520000
76.7375000000	-69.0325390000
76.7437500000	-68.9969330000
76.7500000000	-68.9668210000
76.7562500000	-68.9423020000
76.7625000000	-68.9229180000
76.7687500000	-68.9078650000
76.7750000000	-68.8960140000
76.7812500000	-68.8860620000
76.7875000000	-68.8766430000
76.7937500000	-68.8663540000
76.8000000000	-68.8539970000
76.8062500000	-68.8385600000
76.8125000000	-68.8191360000
76.8187500000	-68.7950560000
76.8250000000	-68.7658890000
76.8312500000	-68.7314520000
76.8375000000	-68.6918620000
76.8437500000	-68.6475660000
76.8500000000	-68.5993310000
76.8562500000	-68.5481560000
76.8625000000	-68.4951470000
76.8687500000	-68.4416760000
76.8750000000	-68.3892870000
76.8812500000	-68.3395480000
76.8875000000	-68.2940670000
76.8937500000	-68.2541640000
76.9000000000	-68.2206980000
76.9062500000	-68.1942370000
76.9125000000	-68.1748060000
76.9187500000	-68.1619890000
76.9250000000	-68.1550360000
76.9312500000	-68.1530580000
76.9375000000	-68.1551490000
76.9437500000	-68.1604270000
76.9500000000	-68.1681490000
76.9562500000	-68.1777410000
76.9625000000	-68.1886550000
76.9687500000	-68.2003730000
76.9750000000	-68.2123440000
76.9812500000	-68.2239840000
76.9875000000	-68.2347200000
76.9937500000	-68.2438960000
77.0000000000	-68.2508940000
77.0062500000	-68.2552190000
77.0125000000	-68.2565490000
77.0187500000	-68.2548110000
77.0250000000	-68.2502400000
77.0312500000	-68.2431620000
77.0375000000	-68.2339860000
77.0437500000	-68.2233040000
77.0500000000	-68.2119030000
77.0562500000	-68.2005010000
77.0625000000	-68.1896140000
77.0687500000	-68.1795610000
77.0750000000	-68.1702910000
77.0812500000	-68.1614660000
77.0875000000	-68.1525000000
77.0937500000	-68.1426620000
77.1000000000	-68.1314740000
77.1062500000	-68.1187210000
77.1125000000	-68.1044500000
77.1187500000	-68.0887780000
77.1250000000	-68.0718060000
77.1312500000	-68.0534570000
77.1375000000	-68.0333430000
77.1437500000	-68.0109370000
77.1500000000	-67.9855210000
77.1562500000	-67.9563520000
77.1625000000	-67.9228570000
77.1687500000	-67.8847800000
77.1750000000	-67.8421250000
77.1812500000	-67.7952220000
77.1875000000	-67.7447050000
77.1937500000	-67.6914510000
77.2000000000	-67.6364230000
77.2062500000	-67.5807400000
77.2125000000	-67.5255660000
77.2187500000	-67.4719250000
77.2250000000	-67.4207970000
77.2312500000	-67.3730240000
77.2375000000	-67.3290990000
77.2437500000	-67.2894060000
77.2500000000	-67.2542470000
77.2562500000	-67.2236970000
77.2625000000	-67.1976160000
77.2687500000	-67.1757140000
77.2750000000	-67.1575820000
77.2812500000	-67.1427010000
77.2875000000	-67.1304790000
77.2937500000	-67.1203300000
77.3000000000	-67.1115820000
77.3062500000	-67.1036260000
77.3125000000	-67.0957440000
77.3187500000	-67.0871880000
77.3250000000	-67.0771810000
77.3312500000	-67.0650640000
77.3375000000	-67.0501870000
77.3437500000	-67.0319690000
77.3500000000	-67.0100820000
77.3562500000	-66.9846020000
77.3625000000	-66.9561130000
77.3687500000	-66.9254450000
77.3750000000	-66.8935970000
77.3812500000	-66.8615440000
77.3875000000	-66.8302350000
77.3937500000	-66.8006090000
77.4000000000	-66.7733860000
77.4062500000	-66.7489980000
77.4125000000	-66.7276700000
77.4187500000	-66.7094620000
77.4250000000	-66.6942460000
77.4312500000	-66.6817140000
77.4375000000	-66.6714620000
77.4437500000	-66.6629270000
77.4500000000	-66.6554900000
77.4562500000	-66.6483800000
77.4625000000	-66.6408050000
77.4687500000	-66.6318810000
77.4750000000	-66.6208580000
77.4812500000	-66.6073370000
77.4875000000	-66.5911440000
77.4937500000	-66.5724720000
77.5000000000	-66.5519860000
77.5062500000	-66.5305570000
77.5125000000	-66.5091610000
77.5187500000	-66.4888630000
77.5250000000	-66.4705910000
77.5312500000	-66.4550360000
77.5375000000	-66.4426530000
77.5437500000	-66.4337380000
77.5500000000	-66.4285490000
77.5562500000	-66.4272350000
77.5625000000	-66.4299250000
77.5687500000	-66.4366620000
77.5750000000	-66.4470380000
77.5812500000	-66.4603970000
77.5875000000	-66.4758600000
77.5937500000	-66.4922430000
77.6000000000	-66.5080840000
77.6062500000	-66.5218510000
77.6125000000	-66.5318550000
77.6187500000	-66.5364400000
77.6250000000	-66.5340330000
77.6312500000	-66.5233610000
77.6375000000	-66.5037570000
77.6437500000	-66.4752140000
77.6500000000	-66.4382780000
77.6562500000	-66.3939800000
77.6625000000	-66.3439430000
77.6687500000	-66.2900460000
77.6750000000	-66.2341300000
77.6812500000	-66.1779330000
77.6875000000	-66.1228920000
77.6937500000	-66.0702420000
77.7000000000	-66.0208940000
77.7062500000	-65.9754630000
77.7125000000	-65.9343880000
77.7187500000	-65.8980280000
77.7250000000	-65.8666230000
77.7312500000	-65.8403930000
77.7375000000	-65.8195380000
77.7437500000	-65.8040850000
77.7500000000	-65.7939930000
77.7562500000	-65.7889300000
77.7625000000	-65.7880850000
77.7687500000	-65.7903120000
77.7750000000	-65.7942460000
77.7812500000	-65.7985140000
77.7875000000	-65.8018710000
77.7937500000	-65.8034810000
77.8000000000	-65.8029530000
77.8062500000	-65.8004120000
77.8125000000	-65.7964600000
77.8187500000	-65.7920000000
77.8250000000	-65.7880340000
77.8312500000	-65.7854620000
77.8375000000	-65.7850000000
77.8437500000	-65.7871570000
77.8500000000	-65.7920180000
77.8562500000	-65.7994460000
77.8625000000	-65.8090530000
77.8687500000	-65.8203290000
77.8750000000	-65.8325060000
77.8812500000	-65.8448920000
77.8875000000	-65.8568670000
77.8937500000	-65.8678570000
77.9000000000	-65.8774820000
77.9062500000	-65.8853980000
77.9125000000	-65.8911010000
77.9187500000	-65.8940120000
77.9250000000	-65.8934930000
77.9312500000	-65.8889730000
77.9375000000	-65.8800720000
77.9437500000	-65.8665300000
77.9500000000	-65.8483110000
77.9562500000	-65.8256720000
77.9625000000	-65.7990310000
77.9687500000	-65.7689980000
77.9750000000	-65.7363960000
77.9812500000	-65.7020950000
77.9875000000	-65.6670700000
77.9937500000	-65.6322740000
78.0000000000	-65.5983120000
78.0062500000	-65.5656330000
78.0125000000	-65.5345080000
78.0187500000	-65.5049050000
78.0250000000	-65.4766030000
78.0312500000	-65.4492510000
78.0375000000	-65.4226700000
78.0437500000	-65.3968400000
78.0500000000	-65.3719120000
78.0562500000	-65.3481050000
78.0625000000	-65.3255710000
78.0687500000	-65.3045160000
78.0750000000	-65.2850600000
78.0812500000	-65.2671030000
78.0875000000	-65.2506490000
78.0937500000	-65.2357660000
78.1000000000	-65.2223920000
78.1062500000	-65.2103430000
78.1125000000	-65.1994540000
78.1187500000	-65.1894280000
78.1250000000	-65.1796660000
78.1312500000	-65.1694730000
78.1375000000	-65.1581820000
78.1437500000	-65.1451310000
78.1500000000	-65.1298210000
78.1562500000	-65.1119170000
78.1625000000	-65.0914440000
78.1687500000	-65.0687370000
78.1750000000	-65.0443140000
78.1812500000	-65.0186800000
78.1875000000	-64.9923310000
78.1937500000	-64.9658180000
78.2000000000	-64.9396130000
78.2062500000	-64.9140870000
78.2125000000	-64.8894140000
78.2187500000	-64.8655350000
78.2250000000	-64.8422160000
78.2312500000	-64.8189920000
78.2375000000	-64.7952040000
78.2437500000	-64.7703250000
78.2500000000	-64.7439320000
78.2562500000	-64.7157830000
78.2625000000	-64.6859990000
78.2687500000	-64.6549510000
78.2750000000	-64.6233940000
78.2812500000	-64.5923700000
78.2875000000	-64.5630860000
78.2937500000	-64.5368350000
78.3000000000	-64.5146800000
78.3062500000	-64.4974270000
78.3125000000	-64.4854520000
78.3187500000	-64.4786750000
78.3250000000	-64.4765710000
78.3312500000	-64.4782340000
78.3375000000	-64.4825070000
78.3437500000	-64.4879240000
78.3500000000	-64.4930280000
78.3562500000	-64.4965010000
78.3625000000	-64.4971000000
78.3687500000	-64.4939650000
78.3750000000	-64.4866740000
78.3812500000	-64.4753900000
78.3875000000	-64.4606910000
78.3937500000	-64.4435410000
78.4000000000	-64.4250540000
78.4062500000	-64.4061530000
78.4125000000	-64.3876050000
78.4187500000	-64.3698070000
78.4250000000	-64.3528300000
78.4312500000	-64.3364550000
78.4375000000	-64.3202910000
78.4437500000	-64.3039710000
78.4500000000	-64.2870760000
78.4562500000	-64.2691900000
78.4625000000	-64.2499480000
78.4687500000	-64.2290970000
78.4750000000	-64.2063150000
78.4812500000	-64.1813440000
78.4875000000	-64.1542180000
78.4937500000	-64.1253670000
78.5000000000	-64.0953760000
78.5062500000	-64.0649980000
78.5125000000	-64.0352240000
78.5187500000	-64.0070350000
78.5250000000	-63.9813390000
78.5312500000	-63.9588240000
78.5375000000	-63.9398980000
78.5437500000	-63.9245970000
78.5500000000	-63.9127470000
78.5562500000	-63.9039440000
78.5625000000	-63.8976660000
78.5687500000	-63.8933930000
78.5750000000	-63.8904940000
78.5812500000	-63.8883810000
78.5875000000	-63.8865460000
78.5937500000	-63.8844930000
78.6000000000	-63.8817840000
78.6062500000	-63.8779260000
78.6125000000	-63.8723010000
78.6187500000	-63.8642500000
78.6250000000	-63.8531520000
78.6312500000	-63.8385500000
78.6375000000	-63.8203070000
78.6437500000	-63.7986630000
78.6500000000	-63.7743540000
78.6562500000	-63.7483970000
78.6625000000	-63.7218980000
78.6687500000	-63.6960580000
78.6750000000	-63.6719490000
78.6812500000	-63.6503490000
78.6875000000	-63.6318290000
78.6937500000	-63.6165060000
78.7000000000	-63.6040920000
78.7062500000	-63.5939810000
78.7125000000	-63.5854140000
78.7187500000	-63.5776390000
78.7250000000	-63.5698120000
78.7312500000	-63.5612230000
78.7375000000	-63.5512620000
78.7437500000	-63.5394490000
78.7500000000	-63.5258110000
78.7562500000	-63.5106100000
78.7625000000	-63.4941410000
78.7687500000	-63.4768040000
78.7750000000	-63.4589980000
78.7812500000	-63.4410610000
78.7875000000	-63.4233340000
78.7937500000	-63.4061870000
78.8000000000	-63.3900780000
78.8062500000	-63.3755410000
78.8125000000	-63.3631650000
78.8187500000	-63.3534230000
78.8250000000	-63.3466950000
78.8312500000	-63.3433060000
78.8375000000	-63.3433680000
78.8437500000	-63.3469070000
78.8500000000	-63.3538020000
78.8562500000	-63.3636720000
78.8625000000	-63.3759390000
78.8687500000	-63.3898330000
78.8750000000	-63.4044530000
78.8812500000	-63.4187590000
78.8875000000	-63.4317300000
78.8937500000	-63.4424980000
78.9000000000	-63.4502860000
78.9062500000	-63.4546670000
78.9125000000	-63.4555600000
78.9187500000	-63.4530300000
78.9250000000	-63.4474210000
78.9312500000	-63.4393030000
78.9375000000	-63.4292970000
78.9437500000	-63.4180630000
78.9500000000	-63.4063420000
78.9562500000	-63.3947590000
78.9625000000	-63.3838080000
78.9687500000	-63.3737890000
78.9750000000	-63.3648740000
78.9812500000	-63.3569120000
78.9875000000	-63.3495350000
78.9937500000	-63.3421250000
79.0000000000	-63.3338340000
79.0062500000	-63.3236320000
79.0125000000	-63.3106470000
79.0187500000	-63.2943750000
79.0250000000	-63.2746480000
79.0312500000	-63.2516180000
79.0375000000	-63.2257940000
79.0437500000	-63.1978550000
79.0500000000	-63.1685660000
79.0562500000	-63.1387040000
79.0625000000	-63.1089820000
79.0687500000	-63.0799730000
79.0750000000	-63.0521890000
79.0812500000	-63.0261540000
79.0875000000	-63.0022960000
79.0937500000	-62.9807630000
79.1000000000	-62.9616460000
79.1062500000	-62.9449860000
79.1125000000	-62.9306050000
79.1187500000	-62.9181710000
79.1250000000	-62.9073680000
79.1312500000	-62.8977720000
79.1375000000	-62.8890660000
79.1437500000	-62.8809870000
79.1500000000	-62.8734330000
79.1562500000	-62.8663690000
79.1625000000	-62.8598810000
79.1687500000	-62.8542430000
79.1750000000	-62.8500180000
79.1812500000	-62.8481380000
79.1875000000	-62.8496620000
79.1937500000	-62.8554980000
79.2000000000	-62.8662310000
79.2062500000	-62.8819880000
79.2125000000	-62.9023060000
79.2187500000	-62.9261100000
79.2250000000	-62.9520980000
79.2312500000	-62.9785090000
79.2375000000	-63.0033980000
79.2437500000	-63.0249530000
79.2500000000	-63.0416010000
79.2562500000	-63.0522050000
79.2625000000	-63.0561360000
79.2687500000	-63.0532710000
79.2750000000	-63.0438020000
79.2812500000	-63.0282850000
79.2875000000	-63.0076330000
79.2937500000	-62.9828850000
79.3000000000	-62.9552330000
79.3062500000	-62.9257480000
79.3125000000	-62.8952980000
79.3187500000	-62.8646760000
79.3250000000	-62.8346920000
79.3312500000	-62.8063480000
79.3375000000	-62.7808480000
79.3437500000	-62.7596190000
79.3500000000	-62.7440240000
79.3562500000	-62.7348640000
79.3625000000	-62.7322340000
79.3687500000	-62.7354760000
79.3750000000	-62.7432580000
79.3812500000	-62.7538250000
79.3875000000	-62.7650670000
79.3937500000	-62.7748370000
79.4000000000	-62.7811470000
79.4062500000	-62.7823920000
79.4125000000	-62.7775410000
79.4187500000	-62.7660690000
79.4250000000	-62.7479410000
79.4312500000	-62.7237070000
79.4375000000	-62.6942470000
79.4437500000	-62.6607800000
79.4500000000	-62.6246740000
79.4562500000	-62.5874150000
79.4625000000	-62.5505640000
79.4687500000	-62.5156310000
79.4750000000	-62.4840280000
79.4812500000	-62.4569320000
79.4875000000	-62.4351980000
79.4937500000	-62.4192240000
79.5000000000	-62.4089970000
79.5062500000	-62.4043870000
79.5125000000	-62.4047500000
79.5187500000	-62.4091350000
79.5250000000	-62.4164470000
79.5312500000	-62.4254370000
79.5375000000	-62.4350930000
79.5437500000	-62.4446480000
79.5500000000	-62.4537180000
79.5562500000	-62.4621580000
79.5625000000	-62.4698710000
79.5687500000	-62.4768260000
79.5750000000	-62.4828370000
79.5812500000	-62.4875740000
79.5875000000	-62.4904550000
79.5937500000	-62.4909940000
79.6000000000	-62.4888930000
79.6062500000	-62.4839660000
79.6125000000	-62.4762460000
79.6187500000	-62.4658970000
79.6250000000	-62.4531420000
79.6312500000	-62.4382460000
79.6375000000	-62.4215040000
79.6437500000	-62.4032030000
79.6500000000	-62.3837380000
79.6562500000	-62.3635790000
79.6625000000	-62.3432220000
79.6687500000	-62.3231420000
79.6750000000	-62.3037100000
79.6812500000	-62.2851400000
79.6875000000	-62.2674660000
79.6937500000	-62.2506120000
79.7000000000	-62.2345940000
79.7062500000	-62.2196310000
79.7125000000	-62.2061800000
79.7187500000	-62.1947580000
79.7250000000	-62.1859090000
79.7312500000	-62.1802650000
79.7375000000	-62.1784370000
79.7437500000	-62.1808330000
79.7500000000	-62.1875330000
79.7562500000	-62.1982580000
79.7625000000	-62.2126020000
79.7687500000	-62.2300500000
79.7750000000	-62.2500920000
79.7812500000	-62.2722400000
79.7875000000	-62.2961270000
79.7937500000	-62.3214780000
79.8000000000	-62.3480610000
79.8062500000	-62.3756350000
79.8125000000	-62.4039050000
79.8187500000	-62.4323320000
79.8250000000	-62.4600980000
79.8312500000	-62.4864560000
79.8375000000	-62.5104880000
79.8437500000	-62.5311820000
79.8500000000	-62.5476120000
79.8562500000	-62.5590840000
79.8625000000	-62.5653460000
79.8687500000	-62.5665750000
79.8750000000	-62.5633570000
79.8812500000	-62.5566850000
79.8875000000	-62.5477480000
79.8937500000	-62.5377120000
79.9000000000	-62.5276700000
79.9062500000	-62.5185560000
79.9125000000	-62.5111740000
79.9187500000	-62.5061610000
79.9250000000	-62.5039740000
79.9312500000	-62.5049390000
79.9375000000	-62.5089350000
79.9437500000	-62.5155680000
79.9500000000	-62.5243180000
79.9562500000	-62.5344650000
79.9625000000	-62.5452310000
79.9687500000	-62.5557310000
79.9750000000	-62.5650190000
79.9812500000	-62.5723510000
79.9875000000	-62.5772130000
79.9937500000	-62.5791710000
80.0000000000	-62.5778110000
80.0062500000	-62.5729240000
80.0125000000	-62.5642980000
80.0187500000	-62.5518060000
80.0250000000	-62.5354710000
80.0312500000	-62.5156300000
80.0375000000	-62.4928950000
80.0437500000	-62.4682260000
80.0500000000	-62.4429500000
80.0562500000	-62.4185140000
80.0625000000	-62.3962570000
80.0687500000	-62.3773120000
80.0750000000	-62.3623420000
80.0812500000	-62.3515260000
80.0875000000	-62.3445730000
80.0937500000	-62.3409790000
80.1000000000	-62.3401310000
80.1062500000	-62.3412980000
80.1125000000	-62.3437200000
80.1187500000	-62.3466820000
80.1250000000	-62.3495620000
80.1312500000	-62.3518340000
80.1375000000	-62.3530670000
80.1437500000	-62.3530320000
80.1500000000	-62.3516490000
80.1562500000	-62.3488370000
80.1625000000	-62.3446600000
80.1687500000	-62.3392800000
80.1750000000	-62.3327020000
80.1812500000	-62.3248090000
80.1875000000	-62.3154720000
80.1937500000	-62.3045900000
80.2000000000	-62.2922090000
80.2062500000	-62.2785460000
80.2125000000	-62.2639970000
80.2187500000	-62.2490930000
80.2250000000	-62.2344500000
80.2312500000	-62.2206060000
80.2375000000	-62.2077690000
80.2437500000	-62.1958210000
80.2500000000	-62.1843550000
80.2562500000	-62.1727030000
80.2625000000	-62.1603120000
80.2687500000	-62.1468650000
80.2750000000	-62.1324320000
80.2812500000	-62.1173250000
80.2875000000	-62.1021340000
80.2937500000	-62.0875150000
80.3000000000	-62.0741510000
80.3062500000	-62.0624730000
80.3125000000	-62.0527310000
80.3187500000	-62.0451780000
80.3250000000	-62.0401330000
80.3312500000	-62.0378970000
80.3375000000	-62.0389330000
80.3437500000	-62.0436780000
80.3500000000	-62.0524920000
80.3562500000	-62.0654970000
80.3625000000	-62.0826770000
80.3687500000	-62.1038940000
80.3750000000	-62.1287470000
80.3812500000	-62.1567060000
80.3875000000	-62.1870250000
80.3937500000	-62.2185240000
80.4000000000	-62.2498910000
80.4062500000	-62.2798260000
80.4125000000	-62.3070990000
80.4187500000	-62.3305480000
80.4250000000	-62.3491320000
80.4312500000	-62.3619760000
80.4375000000	-62.3684480000
80.4437500000	-62.3681130000
80.4500000000	-62.3606950000
80.4562500000	-62.3461980000
80.4625000000	-62.3249590000
80.4687500000	-62.2976940000
80.4750000000	-62.2655090000
80.4812500000	-62.2298820000
80.4875000000	-62.1926830000
80.4937500000	-62.1560320000
80.5000000000	-62.1221660000
80.5062500000	-62.0932250000
80.5125000000	-62.0708820000
80.5187500000	-62.0563580000
80.5250000000	-62.0503250000
80.5312500000	-62.0529370000
80.5375000000	-62.0638850000
80.5437500000	-62.0825840000
80.5500000000	-62.1082320000
80.5562500000	-62.1398150000
80.5625000000	-62.1761840000
80.5687500000	-62.2159880000
80.5750000000	-62.2577580000
80.5812500000	-62.2998090000
80.5875000000	-62.3402590000
80.5937500000	-62.3773250000
80.6000000000	-62.4093500000
80.6062500000	-62.4348520000
80.6125000000	-62.4528030000
80.6187500000	-62.4627750000
80.6250000000	-62.4650610000
80.6312500000	-62.4604720000
80.6375000000	-62.4503080000
80.6437500000	-62.4361430000
80.6500000000	-62.4195250000
80.6562500000	-62.4019930000
80.6625000000	-62.3850460000
80.6687500000	-62.3699460000
80.6750000000	-62.3576910000
80.6812500000	-62.3488840000
80.6875000000	-62.3437650000
80.6937500000	-62.3422930000
80.7000000000	-62.3442160000
80.7062500000	-62.3491930000
80.7125000000	-62.3568290000
80.7187500000	-62.3667450000
80.7250000000	-62.3786390000
80.7312500000	-62.3922180000
80.7375000000	-62.4071970000
80.7437500000	-62.4232600000
80.7500000000	-62.4400610000
80.7562500000	-62.4571280000
80.7625000000	-62.4738440000
80.7687500000	-62.4895760000
80.7750000000	-62.5037320000
80.7812500000	-62.5159000000
80.7875000000	-62.5259550000
80.7937500000	-62.5339950000
80.8000000000	-62.5403910000
80.8062500000	-62.5455050000
80.8125000000	-62.5494720000
80.8187500000	-62.5521670000
80.8250000000	-62.5533270000
80.8312500000	-62.5526240000
80.8375000000	-62.5499550000
80.8437500000	-62.5455910000
80.8500000000	-62.5402740000
80.8562500000	-62.5351570000
80.8625000000	-62.5315590000
80.8687500000	-62.5306230000
80.8750000000	-62.5333370000
80.8812500000	-62.5402970000
80.8875000000	-62.5516020000
80.8937500000	-62.5668410000
80.9000000000	-62.5853020000
80.9062500000	-62.6059810000
80.9125000000	-62.6277720000
80.9187500000	-62.6493920000
80.9250000000	-62.6696200000
80.9312500000	-62.6875460000
80.9375000000	-62.7025820000
80.9437500000	-62.7143090000
80.9500000000	-62.7224050000
80.9562500000	-62.7268870000
80.9625000000	-62.7280040000
80.9687500000	-62.7259610000
80.9750000000	-62.7211350000
80.9812500000	-62.7139790000
80.9875000000	-62.7050280000
80.9937500000	-62.6947560000
81.0000000000	-62.6835740000
81.0062500000	-62.6717670000
81.0125000000	-62.6597840000
81.0187500000	-62.6480450000
81.0250000000	-62.6371450000
81.0312500000	-62.6278710000
81.0375000000	-62.6211390000
81.0437500000	-62.6178940000
81.0500000000	-62.6188170000
81.0562500000	-62.6241620000
81.0625000000	-62.6339000000
81.0687500000	-62.6476810000
81.0750000000	-62.6649500000
81.0812500000	-62.6851320000
81.0875000000	-62.7076610000
81.0937500000	-62.7322080000
81.1000000000	-62.7584890000
81.1062500000	-62.7860070000
81.1125000000	-62.8142020000
81.1187500000	-62.8423790000
81.1250000000	-62.8697370000
81.1312500000	-62.8955030000
81.1375000000	-62.9191080000
81.1437500000	-62.9401150000
81.1500000000	-62.9583240000
81.1562500000	-62.9737530000
81.1625000000	-62.9865310000
81.1687500000	-62.9969780000
81.1750000000	-63.0054750000
81.1812500000	-63.0126210000
81.1875000000	-63.0190910000
81.1937500000	-63.0254920000
81.2000000000	-63.0323310000
81.2062500000	-63.0400240000
81.2125000000	-63.0487940000
81.2187500000	-63.0586860000
81.2250000000	-63.0694990000
81.2312500000	-63.0806580000
81.2375000000	-63.0912570000
81.2437500000	-63.1004370000
81.2500000000	-63.1073760000
81.2562500000	-63.1114610000
81.2625000000	-63.1123670000
81.2687500000	-63.1102440000
81.2750000000	-63.1055740000
81.2812500000	-63.0990510000
81.2875000000	-63.0915430000
81.2937500000	-63.0839060000
81.3000000000	-63.0769230000
81.3062500000	-63.0713350000
81.3125000000	-63.0678090000
81.3187500000	-63.0669460000
81.3250000000	-63.0692380000
81.3312500000	-63.0748770000
81.3375000000	-63.0837410000
81.3437500000	-63.0954050000
81.3500000000	-63.1092720000
81.3562500000	-63.1243880000
81.3625000000	-63.1396500000
81.3687500000	-63.1539560000
81.3750000000	-63.1664190000
81.3812500000	-63.1764350000
81.3875000000	-63.1838260000
81.3937500000	-63.1887480000
81.4000000000	-63.1918800000
81.4062500000	-63.1942790000
81.4125000000	-63.1970020000
81.4187500000	-63.2010100000
81.4250000000	-63.2071380000
81.4312500000	-63.2158380000
81.4375000000	-63.2272020000
81.4437500000	-63.2410270000
81.4500000000	-63.2570520000
81.4562500000	-63.2749600000
81.4625000000	-63.2943990000
81.4687500000	-63.3151660000
81.4750000000	-63.3372350000
81.4812500000	-63.3604380000
81.4875000000	-63.3846680000
81.4937500000	-63.4096890000
81.5000000000	-63.4350260000
81.5062500000	-63.4600910000
81.5125000000	-63.4842410000
81.5187500000	-63.5069390000
81.5250000000	-63.5277590000
81.5312500000	-63.5465720000
81.5375000000	-63.5634590000
81.5437500000	-63.5786460000
81.5500000000	-63.5924630000
81.5562500000	-63.6051720000
81.5625000000	-63.6169140000
81.5687500000	-63.6277470000
81.5750000000	-63.6376110000
81.5812500000	-63.6464920000
81.5875000000	-63.6545080000
81.5937500000	-63.6619160000
81.6000000000	-63.6688480000
81.6062500000	-63.6752190000
81.6125000000	-63.6807890000
81.6187500000	-63.6851920000
81.6250000000	-63.6879460000
81.6312500000	-63.6885680000
81.6375000000	-63.6867770000
81.6437500000	-63.6826760000
81.6500000000	-63.6767980000
81.6562500000	-63.6701580000
81.6625000000	-63.6640870000
81.6687500000	-63.6600700000
81.6750000000	-63.6595800000
81.6812500000	-63.6638650000
81.6875000000	-63.6737510000
81.6937500000	-63.6895860000
81.7000000000	-63.7111620000
81.7062500000	-63.7379690000
81.7125000000	-63.7692520000
81.7187500000	-63.8041020000
81.7250000000	-63.8415660000
81.7312500000	-63.8806540000
81.7375000000	-63.9204750000
81.7437500000	-63.9604190000
81.7500000000	-63.9999390000
81.7562500000	-64.0383330000
81.7625000000	-64.0749290000
81.7687500000	-64.1088250000
81.7750000000	-64.1389170000
81.7812500000	-64.1641720000
81.7875000000	-64.1839030000
81.7937500000	-64.1978720000
81.8000000000	-64.2064240000
81.8062500000	-64.2104210000
81.8125000000	-64.2111040000
81.8187500000	-64.2098310000
81.8250000000	-64.2078210000
81.8312500000	-64.2059870000
81.8375000000	-64.2048990000
81.8437500000	-64.2048310000
81.8500000000	-64.2059490000
81.8562500000	-64.2083640000
81.8625000000	-64.2121420000
81.8687500000	-64.2173250000
81.8750000000	-64.2241650000
81.8812500000	-64.2330800000
81.8875000000	-64.2445910000
81.8937500000	-64.2594010000
81.9000000000	-64.2781400000
81.9062500000	-64.3011170000
81.9125000000	-64.3284590000
81.9187500000	-64.3600590000
81.9250000000	-64.3953190000
81.9312500000	-64.4334800000
81.9375000000	-64.4737010000
81.9437500000	-64.5150200000
81.9500000000	-64.5566540000
81.9562500000	-64.5979040000
81.9625000000	-64.6381260000
81.9687500000	-64.6765810000
81.9750000000	-64.7124170000
81.9812500000	-64.7446990000
81.9875000000	-64.7723290000
81.9937500000	-64.7942330000
82.0000000000	-64.8094280000
82.0062500000	-64.8171180000
82.0125000000	-64.8170080000
82.0187500000	-64.8093610000
82.0250000000	-64.7948660000
82.0312500000	-64.7746350000
82.0375000000	-64.7501680000
82.0437500000	-64.7230510000
82.0500000000	-64.6949830000
82.0562500000	-64.6675340000
82.0625000000	-64.6420060000
82.0687500000	-64.6194300000
82.0750000000	-64.6005020000
82.0812500000	-64.5857020000
82.0875000000	-64.5753480000
82.0937500000	-64.5697090000
82.1000000000	-64.5688600000
82.1062500000	-64.5728140000
82.1125000000	-64.5815130000
82.1187500000	-64.5945820000
82.1250000000	-64.6112630000
82.1312500000	-64.6306400000
82.1375000000	-64.6517540000
82.1437500000	-64.6735010000
82.1500000000	-64.6949000000
82.1562500000	-64.7153560000
82.1625000000	-64.7347000000
82.1687500000	-64.7530110000
82.1750000000	-64.7706720000
82.1812500000	-64.7881970000
82.1875000000	-64.8061490000
82.1937500000	-64.8251150000
82.2000000000	-64.8455990000
82.2062500000	-64.8679420000
82.2125000000	-64.8925590000
82.2187500000	-64.9200020000
82.2250000000	-64.9506690000
82.2312500000	-64.9846690000
82.2375000000	-65.0218510000
82.2437500000	-65.0616260000
82.2500000000	-65.1030940000
82.2562500000	-65.1450560000
82.2625000000	-65.1861100000
82.2687500000	-65.2248680000
82.2750000000	-65.2601700000
82.2812500000	-65.2912340000
82.2875000000	-65.3178400000
82.2937500000	-65.3402820000
82.3000000000	-65.3591010000
82.3062500000	-65.3750260000
82.3125000000	-65.3887700000
82.3187500000	-65.4010990000
82.3250000000	-65.4127870000
82.3312500000	-65.4244710000
82.3375000000	-65.4369790000
82.3437500000	-65.4510220000
82.3500000000	-65.4671530000
82.3562500000	-65.4857230000
82.3625000000	-65.5067550000
82.3687500000	-65.5300120000
82.3750000000	-65.5550800000
82.3812500000	-65.5812490000
82.3875000000	-65.6078040000
82.3937500000	-65.6340920000
82.4000000000	-65.6593770000
82.4062500000	-65.6830260000
82.4125000000	-65.7045100000
82.4187500000	-65.7236180000
82.4250000000	-65.7405780000
82.4312500000	-65.7558710000
82.4375000000	-65.7701530000
82.4437500000	-65.7842280000
82.4500000000	-65.7987780000
82.4562500000	-65.8143240000
82.4625000000	-65.8311840000
82.4687500000	-65.8494200000
82.4750000000	-65.8689360000
82.4812500000	-65.8893900000
82.4875000000	-65.9103650000
82.4937500000	-65.9312920000
82.5000000000	-65.9515840000
82.5062500000	-65.9707530000
82.5125000000	-65.9882020000
82.5187500000	-66.0033870000
82.5250000000	-66.0159990000
82.5312500000	-66.0258060000
82.5375000000	-66.0327050000
82.5437500000	-66.0369870000
82.5500000000	-66.0391590000
82.5562500000	-66.0398100000
82.5625000000	-66.0398510000
82.5687500000	-66.0402800000
82.5750000000	-66.0420100000
82.5812500000	-66.0458270000
82.5875000000	-66.0523950000
82.5937500000	-66.0623030000
82.6000000000	-66.0757820000
82.6062500000	-66.0927470000
82.6125000000	-66.1129440000
82.6187500000	-66.1358450000
82.6250000000	-66.1606630000
82.6312500000	-66.1863940000
82.6375000000	-66.2118180000
82.6437500000	-66.2358500000
82.6500000000	-66.2577160000
82.6562500000	-66.2769820000
82.6625000000	-66.2937290000
82.6687500000	-66.3081670000
82.6750000000	-66.3206590000
82.6812500000	-66.3316730000
82.6875000000	-66.3415380000
82.6937500000	-66.3506470000
82.7000000000	-66.3593210000
82.7062500000	-66.3677660000
82.7125000000	-66.3762500000
82.7187500000	-66.3852870000
82.7250000000	-66.3954090000
82.7312500000	-66.4071040000
82.7375000000	-66.4209380000
82.7437500000	-66.4373990000
82.7500000000	-66.4565970000
82.7562500000	-66.4783730000
82.7625000000	-66.5023920000
82.7687500000	-66.5280900000
82.7750000000	-66.5547270000
82.7812500000	-66.5815620000
82.7875000000	-66.6077940000
82.7937500000	-66.6329200000
82.8000000000	-66.6568220000
82.8062500000	-66.6795940000
82.8125000000	-66.7014630000
82.8187500000	-66.7228990000
82.8250000000	-66.7443400000
82.8312500000	-66.7660080000
82.8375000000	-66.7879750000
82.8437500000	-66.8101630000
82.8500000000	-66.8323270000
82.8562500000	-66.8539740000
82.8625000000	-66.8744020000
82.8687500000	-66.8930300000
82.8750000000	-66.9093180000
82.8812500000	-66.9229700000
82.8875000000	-66.9341800000
82.8937500000	-66.9435230000
82.9000000000	-66.9517620000
82.9062500000	-66.9596990000
82.9125000000	-66.9679780000
82.9187500000	-66.9769600000
82.9250000000	-66.9867540000
82.9312500000	-66.9972430000
82.9375000000	-67.0079020000
82.9437500000	-67.0179970000
82.9500000000	-67.0268620000
82.9562500000	-67.0339350000
82.9625000000	-67.0389660000
82.9687500000	-67.0418960000
82.9750000000	-67.0430050000
82.9812500000	-67.0429910000
82.9875000000	-67.0426970000
82.9937500000	-67.0429420000
83.0000000000	-67.0445640000
83.0062500000	-67.0480850000
83.0125000000	-67.0537500000
83.0187500000	-67.0616970000
83.0250000000	-67.0717870000
83.0312500000	-67.0838510000
83.0375000000	-67.0977060000
83.0437500000	-67.1131070000
83.0500000000	-67.1298140000
83.0562500000	-67.1477850000
83.0625000000	-67.1669310000
83.0687500000	-67.1871910000
83.0750000000	-67.2085200000
83.0812500000	-67.2307800000
83.0875000000	-67.2537790000
83.0937500000	-67.2773020000
83.1000000000	-67.3010420000
83.1062500000	-67.3248140000
83.1125000000	-67.3485500000
83.1187500000	-67.3721440000
83.1250000000	-67.3953830000
83.1312500000	-67.4180230000
83.1375000000	-67.4398270000
83.1437500000	-67.4604880000
83.1500000000	-67.4796510000
83.1562500000	-67.4970070000
83.1625000000	-67.5122190000
83.1687500000	-67.5250320000
83.1750000000	-67.5353110000
83.1812500000	-67.5431130000
83.1875000000	-67.5489170000
83.1937500000	-67.5534660000
83.2000000000	-67.5575580000
83.2062500000	-67.5620510000
83.2125000000	-67.5676980000
83.2187500000	-67.5750770000
83.2250000000	-67.5847290000
83.2312500000	-67.5971420000
83.2375000000	-67.6127590000
83.2437500000	-67.6319990000
83.2500000000	-67.6552870000
83.2562500000	-67.6829300000
83.2625000000	-67.7149420000
83.2687500000	-67.7510330000
83.2750000000	-67.7907210000
83.2812500000	-67.8333400000
83.2875000000	-67.8779970000
83.2937500000	-67.9236000000
83.3000000000	-67.9689490000
83.3062500000	-68.0129960000
83.3125000000	-68.0548670000
83.3187500000	-68.0937680000
83.3250000000	-68.1291190000
83.3312500000	-68.1605740000
83.3375000000	-68.1879820000
83.3437500000	-68.2113830000
83.3500000000	-68.2310330000
83.3562500000	-68.2472610000
83.3625000000	-68.2607160000
83.3687500000	-68.2723800000
83.3750000000	-68.2834140000
83.3812500000	-68.2949040000
83.3875000000	-68.3076420000
83.3937500000	-68.3221610000
83.4000000000	-68.3386160000
83.4062500000	-68.3567610000
83.4125000000	-68.3760750000
83.4187500000	-68.3958300000
83.4250000000	-68.4153110000
83.4312500000	-68.4338830000
83.4375000000	-68.4511310000
83.4437500000	-68.4666110000
83.4500000000	-68.4801600000
83.4562500000	-68.4920390000
83.4625000000	-68.5029840000
83.4687500000	-68.5139090000
83.4750000000	-68.5259000000
83.4812500000	-68.5400750000
83.4875000000	-68.5573040000
83.4937500000	-68.5780240000
83.5000000000	-68.6024720000
83.5062500000	-68.6306170000
83.5125000000	-68.6621900000
83.5187500000	-68.6967690000
83.5250000000	-68.7337010000
83.5312500000	-68.7722020000
83.5375000000	-68.8114020000
83.5437500000	-68.8504420000
83.5500000000	-68.8884030000
83.5562500000	-68.9244610000
83.5625000000	-68.9579140000
83.5687500000	-68.9884000000
83.5750000000	-69.0157210000
83.5812500000	-69.0398570000
83.5875000000	-69.0608380000
83.5937500000	-69.0788770000
83.6000000000	-69.0942990000
83.6062500000	-69.1076900000
83.6125000000	-69.1197100000
83.6187500000	-69.1310460000
83.6250000000	-69.1424470000
83.6312500000	-69.1546060000
83.6375000000	-69.1680730000
83.6437500000	-69.1832490000
83.6500000000	-69.2002850000
83.6562500000	-69.2190870000
83.6625000000	-69.2392870000
83.6687500000	-69.2603340000
83.6750000000	-69.2814880000
83.6812500000	-69.3020090000
83.6875000000	-69.3209660000
83.6937500000	-69.3374500000
83.7000000000	-69.3507020000
83.7062500000	-69.3602200000
83.7125000000	-69.3658270000
83.7187500000	-69.3678870000
83.7250000000	-69.3672370000
83.7312500000	-69.3648300000
83.7375000000	-69.3614420000
83.7437500000	-69.3575590000
83.7500000000	-69.3533130000
83.7562500000	-69.3485230000
83.7625000000	-69.3427410000
83.7687500000	-69.3354280000
83.7750000000	-69.3261670000
83.7812500000	-69.3146430000
83.7875000000	-69.3006170000
83.7937500000	-69.2840820000
83.8000000000	-69.2652450000
83.8062500000	-69.2445620000
83.8125000000	-69.2226850000
83.8187500000	-69.2005100000
83.8250000000	-69.1790320000
83.8312500000	-69.1592150000
83.8375000000	-69.1417890000
83.8437500000	-69.1272560000
83.8500000000	-69.1158810000
83.8562500000	-69.1076730000
83.8625000000	-69.1024950000
83.8687500000	-69.1001900000
83.8750000000	-69.1006170000
83.8812500000	-69.1035290000
83.8875000000	-69.1087390000
83.8937500000	-69.1160700000
83.9000000000	-69.1253300000
83.9062500000	-69.1365450000
83.9125000000	-69.1498200000
83.9187500000	-69.1654580000
83.9250000000	-69.1837850000
83.9312500000	-69.2051490000
83.9375000000	-69.2297840000
83.9437500000	-69.2578730000
83.9500000000	-69.2893720000
83.9562500000	-69.3237960000
83.9625000000	-69.3603110000
83.9687500000	-69.3978750000
83.9750000000	-69.4354590000
83.9812500000	-69.4721130000
83.9875000000	-69.5070540000
83.9937500000	-69.5396220000
84.0000000000	-69.5693160000
84.0062500000	-69.5958950000
84.0125000000	-69.6192870000
84.0187500000	-69.6397550000
84.0250000000	-69.6578250000
84.0312500000	-69.6744110000
84.0375000000	-69.6906760000
84.0437500000	-69.7078650000
84.0500000000	-69.7272440000
84.0562500000	-69.7498790000
84.0625000000	-69.7765300000
84.0687500000	-69.8075370000
84.0750000000	-69.8427430000
84.0812500000	-69.8816960000
84.0875000000	-69.9237690000
84.0937500000	-69.9682440000
84.1000000000	-70.0144840000
84.1062500000	-70.0619990000
84.1125000000	-70.1104090000
84.1187500000	-70.1593140000
84.1250000000	-70.2080860000
84.1312500000	-70.2559940000
84.1375000000	-70.3023840000
84.1437500000	-70.3466340000
84.1500000000	-70.3883320000
84.1562500000	-70.4272430000
84.1625000000	-70.4633430000
84.1687500000	-70.4966640000
84.1750000000	-70.5272660000
84.1812500000	-70.5549960000
84.1875000000	-70.5794140000
84.1937500000	-70.6000880000
84.2000000000	-70.6166360000
84.2062500000	-70.6288300000
84.2125000000	-70.6366040000
84.2187500000	-70.6398100000
84.2250000000	-70.6383530000
84.2312500000	-70.6322940000
84.2375000000	-70.6216600000
84.2437500000	-70.6065530000
84.2500000000	-70.5873470000
84.2562500000	-70.5645570000
84.2625000000	-70.5387810000
84.2687500000	-70.5109640000
84.2750000000	-70.4823680000
84.2812500000	-70.4544290000
84.2875000000	-70.4284780000
84.2937500000	-70.4055820000
84.3000000000	-70.3865510000
84.3062500000	-70.3720120000
84.3125000000	-70.3623570000
84.3187500000	-70.3578310000
84.3250000000	-70.3585800000
84.3312500000	-70.3646680000
84.3375000000	-70.3760300000
84.3437500000	-70.3927120000
84.3500000000	-70.4146630000
84.3562500000	-70.4418620000
84.3625000000	-70.4741080000
84.3687500000	-70.5108170000
84.3750000000	-70.5511320000
84.3812500000	-70.5940410000
84.3875000000	-70.6385630000
84.3937500000	-70.6836470000
84.4000000000	-70.7281180000
84.4062500000	-70.7711450000
84.4125000000	-70.8121930000
84.4187500000	-70.8509640000
84.4250000000	-70.8873630000
84.4312500000	-70.9212660000
84.4375000000	-70.9524400000
84.4437500000	-70.9805400000
84.4500000000	-71.0051780000
84.4562500000	-71.0259490000
84.4625000000	-71.0427140000
84.4687500000	-71.0556630000
84.4750000000	-71.0652750000
84.4812500000	-71.0721400000
84.4875000000	-71.0771250000
84.4937500000	-71.0813460000
84.5000000000	-71.0858640000
84.5062500000	-71.0916710000
84.5125000000	-71.0995690000
84.5187500000	-71.1101100000
84.5250000000	-71.1236950000
84.5312500000	-71.1406010000
84.5375000000	-71.1608850000
84.5437500000	-71.1844640000
84.5500000000	-71.2113490000
84.5562500000	-71.2416360000
84.5625000000	-71.2754230000
84.5687500000	-71.3127400000
84.5750000000	-71.3534670000
84.5812500000	-71.3973200000
84.5875000000	-71.4437580000
84.5937500000	-71.4920690000
84.6000000000	-71.5414050000
84.6062500000	-71.5909200000
84.6125000000	-71.6395710000
84.6187500000	-71.6862620000
84.6250000000	-71.7299340000
84.6312500000	-71.7695540000
84.6375000000	-71.8040760000
84.6437500000	-71.8325800000
84.6500000000	-71.8544680000
84.6562500000	-71.8695450000
84.6625000000	-71.8779940000
84.6687500000	-71.8803830000
84.6750000000	-71.8775970000
84.6812500000	-71.8707530000
84.6875000000	-71.8611110000
84.6937500000	-71.8498310000
84.7000000000	-71.8380020000
84.7062500000	-71.8264920000
84.7125000000	-71.8159890000
84.7187500000	-71.8068050000
84.7250000000	-71.7988600000
84.7312500000	-71.7919890000
84.7375000000	-71.7858590000
84.7437500000	-71.7801110000
84.7500000000	-71.7743350000
84.7562500000	-71.7684150000
84.7625000000	-71.7625650000
84.7687500000	-71.7571380000
84.7750000000	-71.7526320000
84.7812500000	-71.7495510000
84.7875000000	-71.7485180000
84.7937500000	-71.7500590000
84.8000000000	-71.7545340000
84.8062500000	-71.7620180000
84.8125000000	-71.7723630000
84.8187500000	-71.7853360000
84.8250000000	-71.8005510000
84.8312500000	-71.8175460000
84.8375000000	-71.8357950000
84.8437500000	-71.8546980000
84.8500000000	-71.8735150000
84.8562500000	-71.8913330000
84.8625000000	-71.9071610000
84.8687500000	-71.9200970000
84.8750000000	-71.9294320000
84.8812500000	-71.9348030000
84.8875000000	-71.9362740000
84.8937500000	-71.9342610000
84.9000000000	-71.9292840000
84.9062500000	-71.9219660000
84.9125000000	-71.9128280000
84.9187500000	-71.9020910000
84.9250000000	-71.8896640000
84.9312500000	-71.8753030000
84.9375000000	-71.8585440000
84.9437500000	-71.8389340000
84.9500000000	-71.8161690000
84.9562500000	-71.7901940000
84.9625000000	-71.7613370000
84.9687500000	-71.7302510000
84.9750000000	-71.6978770000
84.9812500000	-71.6653440000
84.9875000000	-71.6339800000
84.9937500000	-71.6051550000
85.0000000000	-71.5800250000
85.0062500000	-71.5593010000
85.0125000000	-71.5434690000
85.0187500000	-71.5325650000
85.0250000000	-71.5262160000
85.0312500000	-71.5238200000
85.0375000000	-71.5246550000
85.0437500000	-71.5278260000
85.0500000000	-71.5324450000
85.0562500000	-71.5377380000
85.0625000000	-71.5431250000
85.0687500000	-71.5481620000
85.0750000000	-71.5526230000
85.0812500000	-71.5563970000
85.0875000000	-71.5594150000
85.0937500000	-71.5616560000
85.1000000000	-71.5631690000
85.1062500000	-71.5640360000
85.1125000000	-71.5643350000
85.1187500000	-71.5643570000
85.1250000000	-71.5645770000
85.1312500000	-71.5655400000
85.1375000000	-71.5680420000
85.1437500000	-71.5729620000
85.1500000000	-71.5812840000
85.1562500000	-71.5939150000
85.1625000000	-71.6114780000
85.1687500000	-71.6342920000
85.1750000000	-71.6622790000
85.1812500000	-71.6951280000
85.1875000000	-71.7322480000
85.1937500000	-71.7726040000
85.2000000000	-71.8149530000
85.2062500000	-71.8578750000
85.2125000000	-71.9000110000
85.2187500000	-71.9400680000
85.2250000000	-71.9768570000
85.2312500000	-72.0093930000
85.2375000000	-72.0368420000
85.2437500000	-72.0587480000
85.2500000000	-72.0750240000
85.2562500000	-72.0859640000
85.2625000000	-72.0921680000
85.2687500000	-72.0946510000
85.2750000000	-72.0945980000
85.2812500000	-72.0931420000
85.2875000000	-72.0914550000
85.2937500000	-72.0905940000
85.3000000000	-72.0915270000
85.3062500000	-72.0950210000
85.3125000000	-72.1016260000
85.3187500000	-72.1116070000
85.3250000000	-72.1249380000
85.3312500000	-72.1412640000
85.3375000000	-72.1599240000
85.3437500000	-72.1800040000
85.3500000000	-72.2005460000
85.3562500000	-72.2207730000
85.3625000000	-72.2401890000
85.3687500000	-72.2586460000
85.3750000000	-72.2761670000
85.3812500000	-72.2927650000
85.3875000000	-72.3083520000
85.3937500000	-72.3227200000
85.4000000000	-72.3354960000
85.4062500000	-72.3461770000
85.4125000000	-72.3544260000
85.4187500000	-72.3601370000
85.4250000000	-72.3634180000
85.4312500000	-72.3644520000
85.4375000000	-72.3636530000
85.4437500000	-72.3615550000
85.4500000000	-72.3586290000
85.4562500000	-72.3553550000
85.4625000000	-72.3522440000
85.4687500000	-72.3498170000
85.4750000000	-72.3486400000
85.4812500000	-72.3492680000
85.4875000000	-72.3520350000
85.4937500000	-72.3571200000
85.5000000000	-72.3644510000
85.5062500000	-72.3737820000
85.5125000000	-72.3848100000
85.5187500000	-72.3971910000
85.5250000000	-72.4104720000
85.5312500000	-72.4242930000
85.5375000000	-72.4383840000
85.5437500000	-72.4524110000
85.5500000000	-72.4660780000
85.5562500000	-72.4790700000
85.5625000000	-72.4912510000
85.5687500000	-72.5026850000
85.5750000000	-72.5135590000
85.5812500000	-72.5241960000
85.5875000000	-72.5350190000
85.5937500000	-72.5465000000
85.6000000000	-72.5589600000
85.6062500000	-72.5725060000
85.6125000000	-72.5870220000
85.6187500000	-72.6021570000
85.6250000000	-72.6172950000
85.6312500000	-72.6317430000
85.6375000000	-72.6448660000
85.6437500000	-72.6563600000
85.6500000000	-72.6662780000
85.6562500000	-72.6750310000
85.6625000000	-72.6832620000
85.6687500000	-72.6914890000
85.6750000000	-72.7002740000
85.6812500000	-72.7099540000
85.6875000000	-72.7205490000
85.6937500000	-72.7317460000
85.7000000000	-72.7429470000
85.7062500000	-72.7533640000
85.7125000000	-72.7621420000
85.7187500000	-72.7684650000
85.7250000000	-72.7716020000
85.7312500000	-72.7712380000
85.7375000000	-72.7674760000
85.7437500000	-72.7607720000
85.7500000000	-72.7518260000
85.7562500000	-72.7416970000
85.7625000000	-72.7314610000
85.7687500000	-72.7221030000
85.7750000000	-72.7144080000
85.7812500000	-72.7089300000
85.7875000000	-72.7058540000
85.7937500000	-72.7051240000
85.8000000000	-72.7065570000
85.8062500000	-72.7097300000
85.8125000000	-72.7141290000
85.8187500000	-72.7193430000
85.8250000000	-72.7249980000
85.8312500000	-72.7307920000
85.8375000000	-72.7365070000
85.8437500000	-72.7419750000
85.8500000000	-72.7469590000
85.8562500000	-72.7511770000
85.8625000000	-72.7543550000
85.8687500000	-72.7564040000
85.8750000000	-72.7574240000
85.8812500000	-72.7576850000
85.8875000000	-72.7578330000
85.8937500000	-72.7588680000
85.9000000000	-72.7617770000
85.9062500000	-72.7674390000
85.9125000000	-72.7764220000
85.9187500000	-72.7891340000
85.9250000000	-72.8057270000
85.9312500000	-72.8261540000
85.9375000000	-72.8502500000
85.9437500000	-72.8777570000
85.9500000000	-72.9081410000
85.9562500000	-72.9405100000
85.9625000000	-72.9739050000
85.9687500000	-73.0073230000
85.9750000000	-73.0396470000
85.9812500000	-73.0696930000
85.9875000000	-73.0962320000
85.9937500000	-73.1181890000
86.0000000000	-73.1348470000
86.0062500000	-73.1459660000
86.0125000000	-73.1518910000
86.0187500000	-73.1536330000
86.0250000000	-73.1524680000
86.0312500000	-73.1498160000
86.0375000000	-73.1471320000
86.0437500000	-73.1456480000
86.0500000000	-73.1463380000
86.0562500000	-73.1497990000
86.0625000000	-73.1563130000
86.0687500000	-73.1658970000
86.0750000000	-73.1782510000
86.0812500000	-73.1928420000
86.0875000000	-73.2089740000
86.0937500000	-73.2258390000
86.1000000000	-73.2426790000
86.1062500000	-73.2589710000
86.1125000000	-73.2743100000
86.1187500000	-73.2883820000
86.1250000000	-73.3008640000
86.1312500000	-73.3113830000
86.1375000000	-73.3194190000
86.1437500000	-73.3244560000
86.1500000000	-73.3261190000
86.1562500000	-73.3241900000
86.1625000000	-73.3187860000
86.1687500000	-73.3103440000
86.1750000000	-73.2996560000
86.1812500000	-73.2877120000
86.1875000000	-73.2756680000
86.1937500000	-73.2647480000
86.2000000000	-73.2559710000
86.2062500000	-73.2503820000
86.2125000000	-73.2490630000
86.2187500000	-73.2528780000
86.2250000000	-73.2624550000
86.2312500000	-73.2781390000
86.2375000000	-73.2999400000
86.2437500000	-73.3274620000
86.2500000000	-73.3599280000
86.2562500000	-73.3962930000
86.2625000000	-73.4352990000
86.2687500000	-73.4755250000
86.2750000000	-73.5156350000
86.2812500000	-73.5543500000
86.2875000000	-73.5904990000
86.2937500000	-73.6230940000
86.3000000000	-73.6514410000
86.3062500000	-73.6753500000
86.3125000000	-73.6948820000
86.3187500000	-73.7104050000
86.3250000000	-73.7225460000
86.3312500000	-73.7321520000
86.3375000000	-73.7401070000
86.3437500000	-73.7474610000
86.3500000000	-73.7551500000
86.3562500000	-73.7639050000
86.3625000000	-73.7744870000
86.3687500000	-73.7874450000
86.3750000000	-73.8030570000
86.3812500000	-73.8212750000
86.3875000000	-73.8418100000
86.3937500000	-73.8642150000
86.4000000000	-73.8877570000
86.4062500000	-73.9114650000
86.4125000000	-73.9344450000
86.4187500000	-73.9559920000
86.4250000000	-73.9755260000
86.4312500000	-73.9926880000
86.4375000000	-74.0074190000
86.4437500000	-74.0197510000
86.4500000000	-74.0298430000
86.4562500000	-74.0379950000
86.4625000000	-74.0445250000
86.4687500000	-74.0498400000
86.4750000000	-74.0543360000
86.4812500000	-74.0584080000
86.4875000000	-74.0626650000
86.4937500000	-74.0677050000
86.5000000000	-74.0738900000
86.5062500000	-74.0813360000
86.5125000000	-74.0898650000
86.5187500000	-74.0990940000
86.5250000000	-74.1084770000
86.5312500000	-74.1172380000
86.5375000000	-74.1245320000
86.5437500000	-74.1295600000
86.5500000000	-74.1317060000
86.5562500000	-74.1305250000
86.5625000000	-74.1258960000
86.5687500000	-74.1179060000
86.5750000000	-74.1069810000
86.5812500000	-74.0937620000
86.5875000000	-74.0789380000
86.5937500000	-74.0632210000
86.6000000000	-74.0473270000
86.6062500000	-74.0319400000
86.6125000000	-74.0176220000
86.6187500000	-74.0048820000
86.6250000000	-73.9943180000
86.6312500000	-73.9865710000
86.6375000000	-73.9822950000
86.6437500000	-73.9819850000
86.6500000000	-73.9860100000
86.6562500000	-73.9944780000
86.6625000000	-74.0071760000
86.6687500000	-74.0236630000
86.6750000000	-74.0431990000
86.6812500000	-74.0649230000
86.6875000000	-74.0877550000
86.6937500000	-74.1105270000
86.7000000000	-74.1322960000
86.7062500000	-74.1524600000
86.7125000000	-74.1708800000
86.7187500000	-74.1879790000
86.7250000000	-74.2043300000
86.7312500000	-74.2206290000
86.7375000000	-74.2373440000
86.7437500000	-74.2545500000
86.7500000000	-74.2721770000
86.7562500000	-74.2899420000
86.7625000000	-74.3073360000
86.7687500000	-74.3236770000
86.7750000000	-74.3380960000
86.7812500000	-74.3497830000
86.7875000000	-74.3581860000
86.7937500000	-74.3629230000
86.8000000000	-74.3638450000
86.8062500000	-74.3611260000
86.8125000000	-74.3552180000
86.8187500000	-74.3466840000
86.8250000000	-74.3363930000
86.8312500000	-74.3253000000
86.8375000000	-74.3141970000
86.8437500000	-74.3038140000
86.8500000000	-74.2946840000
86.8562500000	-74.2870360000
86.8625000000	-74.2809520000
86.8687500000	-74.2763980000
86.8750000000	-74.2731260000
86.8812500000	-74.2706970000
86.8875000000	-74.2686730000
86.8937500000	-74.2668340000
86.9000000000	-74.2650650000
86.9062500000	-74.2634640000
86.9125000000	-74.2623230000
86.9187500000	-74.2618540000
86.9250000000	-74.2620000000
86.9312500000	-74.2624320000
86.9375000000	-74.2624980000
86.9437500000	-74.2614250000
86.9500000000	-74.2583500000
86.9562500000	-74.2524580000
86.9625000000	-74.2432680000
86.9687500000	-74.2306540000
86.9750000000	-74.2148290000
86.9812500000	-74.1962440000
86.9875000000	-74.1756630000
86.9937500000	-74.1540790000
87.0000000000	-74.1326730000
87.0062500000	-74.1127070000
87.0125000000	-74.0953610000
87.0187500000	-74.0816330000
87.0250000000	-74.0722510000
87.0312500000	-74.0675740000
87.0375000000	-74.0675810000
87.0437500000	-74.0719040000
87.0500000000	-74.0799760000
87.0562500000	-74.0911160000
87.0625000000	-74.1045710000
87.0687500000	-74.1194950000
87.0750000000	-74.1349390000
87.0812500000	-74.1499990000
87.0875000000	-74.1639720000
87.0937500000	-74.1762100000
87.1000000000	-74.1862500000
87.1062500000	-74.1939540000
87.1125000000	-74.1994930000
87.1187500000	-74.2034500000
87.1250000000	-74.2067150000
87.1312500000	-74.2103180000
87.1375000000	-74.2151690000
87.1437500000	-74.2219670000
87.1500000000	-74.2311700000
87.1562500000	-74.2430240000
87.1625000000	-74.2575930000
87.1687500000	-74.2747370000
87.1750000000	-74.2941080000
87.1812500000	-74.3153030000
87.1875000000	-74.3379290000
87.1937500000	-74.3614710000
87.2000000000	-74.3852510000
87.2062500000	-74.4084430000
87.2125000000	-74.4301930000
87.2187500000	-74.4496230000
87.2250000000	-74.4659320000
87.2312500000	-74.4785680000
87.2375000000	-74.4874160000
87.2437500000	-74.4928100000
87.2500000000	-74.4956690000
87.2562500000	-74.4973130000
87.2625000000	-74.4992310000
87.2687500000	-74.5030820000
87.2750000000	-74.5103110000
87.2812500000	-74.5221370000
87.2875000000	-74.5393180000
87.2937500000	-74.5619980000
87.3000000000	-74.5898520000
87.3062500000	-74.6220560000
87.3125000000	-74.6571700000
87.3187500000	-74.6934280000
87.3250000000	-74.7288780000
87.3312500000	-74.7616220000
87.3375000000	-74.7900720000
87.3437500000	-74.8130410000
87.3500000000	-74.8298080000
87.3562500000	-74.8402130000
87.3625000000	-74.8446040000
87.3687500000	-74.8437280000
87.3750000000	-74.8387400000
87.3812500000	-74.8309470000
87.3875000000	-74.8217200000
87.3937500000	-74.8125200000
87.4000000000	-74.8046000000
87.4062500000	-74.7989290000
87.4125000000	-74.7962230000
87.4187500000	-74.7968360000
87.4250000000	-74.8009730000
87.4312500000	-74.8085570000
87.4375000000	-74.8191940000
87.4437500000	-74.8323150000
87.4500000000	-74.8474000000
87.4562500000	-74.8639120000
87.4625000000	-74.8811620000
87.4687500000	-74.8984380000
87.4750000000	-74.9150720000
87.4812500000	-74.9304870000
87.4875000000	-74.9440460000
87.4937500000	-74.9552420000
87.5000000000	-74.9638210000
87.5062500000	-74.9695940000
87.5125000000	-74.9725370000
87.5187500000	-74.9728190000
87.5250000000	-74.9708880000
87.5312500000	-74.9674690000
87.5375000000	-74.9634470000
87.5437500000	-74.9597670000
87.5500000000	-74.9572030000
87.5562500000	-74.9561970000
87.5625000000	-74.9568180000
87.5687500000	-74.9588910000
87.5750000000	-74.9618300000
87.5812500000	-74.9648310000
87.5875000000	-74.9670490000
87.5937500000	-74.9676540000
87.6000000000	-74.9657150000
87.6062500000	-74.9604690000
87.6125000000	-74.9514130000
87.6187500000	-74.9381810000
87.6250000000	-74.9207290000
87.6312500000	-74.8993110000
87.6375000000	-74.8745290000
87.6437500000	-74.8473250000
87.6500000000	-74.8189660000
87.6562500000	-74.7909760000
87.6625000000	-74.7648370000
87.6687500000	-74.7419700000
87.6750000000	-74.7235170000
87.6812500000	-74.7101230000
87.6875000000	-74.7021930000
87.6937500000	-74.7000420000
87.7000000000	-74.7039320000
87.7062500000	-74.7139340000
87.7125000000	-74.7299550000
87.7187500000	-74.7517510000
87.7250000000	-74.7789160000
87.7312500000	-74.8107770000
87.7375000000	-74.8464300000
87.7437500000	-74.8847460000
87.7500000000	-74.9243600000
87.7562500000	-74.9637370000
87.7625000000	-75.0013770000
87.7687500000	-75.0359320000
87.7750000000	-75.0662760000
87.7812500000	-75.0914600000
87.7875000000	-75.1109800000
87.7937500000	-75.1248820000
87.8000000000	-75.1338070000
87.8062500000	-75.1388470000
87.8125000000	-75.1415980000
87.8187500000	-75.1440060000
87.8250000000	-75.1479550000
87.8312500000	-75.1549790000
87.8375000000	-75.1660590000
87.8437500000	-75.1814100000
87.8500000000	-75.2006510000
87.8562500000	-75.2228760000
87.8625000000	-75.2466110000
87.8687500000	-75.2703140000
87.8750000000	-75.2923190000
87.8812500000	-75.3111650000
87.8875000000	-75.3257940000
87.8937500000	-75.3354860000
87.9000000000	-75.3399340000
87.9062500000	-75.3392130000
87.9125000000	-75.3337500000
87.9187500000	-75.3242240000
87.9250000000	-75.3115060000
87.9312500000	-75.2966470000
87.9375000000	-75.2807370000
87.9437500000	-75.2649480000
87.9500000000	-75.2505000000
87.9562500000	-75.2383440000
87.9625000000	-75.2292110000
87.9687500000	-75.2236830000
87.9750000000	-75.2220880000
87.9812500000	-75.2244350000
87.9875000000	-75.2303050000
87.9937500000	-75.2388140000
88.0000000000	-75.2488320000
88.0062500000	-75.2592920000
88.0125000000	-75.2692850000
88.0187500000	-75.2782030000
88.0250000000	-75.2856750000
88.0312500000	-75.2917600000
88.0375000000	-75.2970270000
88.0437500000	-75.3023450000
88.0500000000	-75.3086310000
88.0562500000	-75.3167430000
88.0625000000	-75.3273670000
88.0687500000	-75.3409950000
88.0750000000	-75.3577630000
88.0812500000	-75.3774620000
88.0875000000	-75.3995770000
88.0937500000	-75.4233890000
88.1000000000	-75.4482650000
88.1062500000	-75.4735510000
88.1125000000	-75.4986310000
88.1187500000	-75.5227730000
88.1250000000	-75.5451330000
88.1312500000	-75.5648360000
88.1375000000	-75.5812220000
88.1437500000	-75.5937990000
88.1500000000	-75.6021330000
88.1562500000	-75.6061960000
88.1625000000	-75.6063270000
88.1687500000	-75.6030880000
88.1750000000	-75.5972670000
88.1812500000	-75.5895720000
88.1875000000	-75.5806370000
88.1937500000	-75.5712260000
88.2000000000	-75.5621300000
88.2062500000	-75.5540260000
88.2125000000	-75.5475410000
88.2187500000	-75.5432980000
88.2250000000	-75.5417860000
88.2312500000	-75.5433060000
88.2375000000	-75.5480320000
88.2437500000	-75.5559360000
88.2500000000	-75.5667400000
88.2562500000	-75.5800780000
88.2625000000	-75.5953970000
88.2687500000	-75.6119210000
88.2750000000	-75.6288060000
88.2812500000	-75.6451720000
88.2875000000	-75.6602150000
88.2937500000	-75.6732730000
88.3000000000	-75.6838760000
88.3062500000	-75.6918830000
88.3125000000	-75.6973960000
88.3187500000	-75.7006360000
88.3250000000	-75.7019700000
88.3312500000	-75.7018240000
88.3375000000	-75.7004810000
88.3437500000	-75.6981280000
88.3500000000	-75.6949850000
88.3562500000	-75.6911310000
88.3625000000	-75.6865910000
88.3687500000	-75.6815090000
88.3750000000	-75.6762230000
88.3812500000	-75.6710780000
88.3875000000	-75.6664810000
88.3937500000	-75.6627390000
88.4000000000	-75.6600930000
88.4062500000	-75.6586530000
88.4125000000	-75.6584480000
88.4187500000	-75.6594250000
88.4250000000	-75.6613580000
88.4312500000	-75.6639360000
88.4375000000	-75.6668580000
88.4437500000	-75.6698400000
88.4500000000	-75.6727050000
88.4562500000	-75.6752380000
88.4625000000	-75.6772560000
88.4687500000	-75.6786630000
88.4750000000	-75.6793780000
88.4812500000	-75.6794180000
88.4875000000	-75.6788450000
88.4937500000	-75.6778080000
88.5000000000	-75.6763930000
88.5062500000	-75.6747000000
88.5125000000	-75.6728280000
88.5187500000	-75.6708440000
88.5250000000	-75.6688820000
88.5312500000	-75.6673210000
88.5375000000	-75.6667100000
88.5437500000	-75.6675900000
88.5500000000	-75.6705230000
88.5562500000	-75.6761270000
88.5625000000	-75.6848430000
88.5687500000	-75.6967920000
88.5750000000	-75.7117790000
88.5812500000	-75.7295120000
88.5875000000	-75.7493960000
88.5937500000	-75.7706420000
88.6000000000	-75.7922980000
88.6062500000	-75.8132420000
88.6125000000	-75.8323520000
88.6187500000	-75.8485050000
88.6250000000	-75.8608530000
88.6312500000	-75.8688810000
88.6375000000	-75.8724990000
88.6437500000	-75.8720940000
88.6500000000	-75.8685370000
88.6562500000	-75.8630300000
88.6625000000	-75.8566880000
88.6687500000	-75.8505960000
88.6750000000	-75.8456780000
88.6812500000	-75.8425590000
88.6875000000	-75.8416430000
88.6937500000	-75.8432460000
88.7000000000	-75.8476260000
88.7062500000	-75.8549680000
88.7125000000	-75.8654320000
88.7187500000	-75.8789160000
88.7250000000	-75.8949640000
88.7312500000	-75.9127890000
88.7375000000	-75.9314600000
88.7437500000	-75.9501390000
88.7500000000	-75.9682840000
88.7562500000	-75.9855530000
88.7625000000	-76.0019010000
88.7687500000	-76.0177190000
88.7750000000	-76.0336580000
88.7812500000	-76.0504560000
88.7875000000	-76.0688270000
88.7937500000	-76.0893820000
88.8000000000	-76.1123380000
88.8062500000	-76.1376320000
88.8125000000	-76.1648600000
88.8187500000	-76.1930110000
88.8250000000	-76.2206670000
88.8312500000	-76.2462180000
88.8375000000	-76.2680380000
88.8437500000	-76.2846960000
88.8500000000	-76.2950680000
88.8562500000	-76.2985710000
88.8625000000	-76.2951680000
88.8687500000	-76.2854870000
88.8750000000	-76.2705870000
88.8812500000	-76.2518590000
88.8875000000	-76.2310760000
88.8937500000	-76.2100830000
88.9000000000	-76.1905860000
88.9062500000	-76.1740480000
88.9125000000	-76.1616510000
88.9187500000	-76.1542060000
88.9250000000	-76.1521680000
88.9312500000	-76.1555820000
88.9375000000	-76.1640440000
88.9437500000	-76.1767870000
88.9500000000	-76.1929540000
88.9562500000	-76.2116600000
88.9625000000	-76.2318320000
88.9687500000	-76.2524480000
88.9750000000	-76.2726040000
88.9812500000	-76.2914770000
88.9875000000	-76.3083500000
88.9937500000	-76.3227150000
89.0000000000	-76.3343970000
89.0062500000	-76.3436720000
89.0125000000	-76.3509580000
89.0187500000	-76.3568290000
89.0250000000	-76.3620250000
89.0312500000	-76.3671250000
89.0375000000	-76.3725910000
89.0437500000	-76.3785060000
89.0500000000	-76.3845850000
89.0562500000	-76.3904010000
89.0625000000	-76.3956070000
89.0687500000	-76.3999720000
89.0750000000	-76.4035080000
89.0812500000	-76.4063330000
89.0875000000	-76.4085350000
89.0937500000	-76.4102150000
89.1000000000	-76.4115250000
89.1062500000	-76.4124700000
89.1125000000	-76.4130240000
89.1187500000	-76.4132120000
89.1250000000	-76.4132130000
89.1312500000	-76.4134040000
89.1375000000	-76.4140400000
89.1437500000	-76.4152610000
89.1500000000	-76.4168090000
89.1562500000	-76.4182920000
89.1625000000	-76.4193170000
89.1687500000	-76.4194510000
89.1750000000	-76.4182580000
89.1812500000	-76.4155900000
89.1875000000	-76.4115160000
89.1937500000	-76.4061130000
89.2000000000	-76.3995490000
89.2062500000	-76.3919030000
89.2125000000	-76.3831310000
89.2187500000	-76.3730220000
89.2250000000	-76.3613880000
89.2312500000	-76.3481560000
89.2375000000	-76.3334370000
89.2437500000	-76.3175550000
89.2500000000	-76.3010820000
89.2562500000	-76.2847500000
89.2625000000	-76.2694760000
89.2687500000	-76.2562210000
89.2750000000	-76.2457350000
89.2812500000	-76.2385710000
89.2875000000	-76.2351140000
89.2937500000	-76.2355570000
89.3000000000	-76.2397820000
89.3062500000	-76.2473640000
89.3125000000	-76.2574800000
89.3187500000	-76.2690650000
89.3250000000	-76.2808640000
89.3312500000	-76.2915210000
89.3375000000	-76.2999530000
89.3437500000	-76.3056150000
89.3500000000	-76.3082750000
89.3562500000	-76.3080790000
89.3625000000	-76.3056490000
89.3687500000	-76.3017770000
89.3750000000	-76.2973340000
89.3812500000	-76.2933930000
89.3875000000	-76.2909190000
89.3937500000	-76.2907280000
89.4000000000	-76.2935420000
89.4062500000	-76.2998180000
89.4125000000	-76.3095690000
89.4187500000	-76.3225870000
89.4250000000	-76.3384220000
89.4312500000	-76.3563450000
89.4375000000	-76.3755080000
89.4437500000	-76.3949850000
89.4500000000	-76.4137160000
89.4562500000	-76.4307740000
89.4625000000	-76.4455020000
89.4687500000	-76.4574420000
89.4750000000	-76.4663430000
89.4812500000	-76.4722890000
89.4875000000	-76.4756660000
89.4937500000	-76.4772240000
89.5000000000	-76.4777640000
89.5062500000	-76.4780490000
89.5125000000	-76.4787400000
89.5187500000	-76.4803570000
89.5250000000	-76.4833530000
89.5312500000	-76.4880090000
89.5375000000	-76.4945830000
89.5437500000	-76.5033840000
89.5500000000	-76.5146440000
89.5562500000	-76.5283760000
89.5625000000	-76.5443830000
89.5687500000	-76.5623000000
89.5750000000	-76.5815720000
89.5812500000	-76.6014860000
89.5875000000	-76.6211490000
89.5937500000	-76.6398020000
89.6000000000	-76.6567840000
89.6062500000	-76.6716070000
89.6125000000	-76.6841700000
89.6187500000	-76.6945710000
89.6250000000	-76.7028970000
89.6312500000	-76.7092930000
89.6375000000	-76.7138770000
89.6437500000	-76.7166540000
89.6500000000	-76.7177270000
89.6562500000	-76.7174220000
89.6625000000	-76.7161510000
89.6687500000	-76.7144230000
89.6750000000	-76.7129380000
89.6812500000	-76.7123570000
89.6875000000	-76.7132610000
89.6937500000	-76.7160380000
89.7000000000	-76.7207890000
89.7062500000	-76.7273130000
89.7125000000	-76.7350290000
89.7187500000	-76.7430950000
89.7250000000	-76.7503580000
89.7312500000	-76.7554930000
89.7375000000	-76.7574060000
89.7437500000	-76.7552710000
89.7500000000	-76.7485840000
89.7562500000	-76.7372520000
89.7625000000	-76.7215900000
89.7687500000	-76.7023340000
89.7750000000	-76.6805520000
89.7812500000	-76.6577690000
89.7875000000	-76.6357050000
89.7937500000	-76.6160250000
89.8000000000	-76.6001750000
89.8062500000	-76.5891550000
89.8125000000	-76.5835070000
89.8187500000	-76.5832630000
89.8250000000	-76.5878930000
89.8312500000	-76.5963940000
89.8375000000	-76.6076510000
89.8437500000	-76.6204660000
89.8500000000	-76.6337110000
89.8562500000	-76.6466210000
89.8625000000	-76.6587580000
89.8687500000	-76.6699480000
89.8750000000	-76.6802530000
89.8812500000	-76.6900200000
89.8875000000	-76.6998030000
89.8937500000	-76.7101380000
89.9000000000	-76.7214760000
89.9062500000	-76.7341090000
89.9125000000	-76.7480920000
89.9187500000	-76.7631360000
89.9250000000	-76.7785640000
89.9312500000	-76.7934670000
89.9375000000	-76.8067540000
89.9437500000	-76.8174870000
89.9500000000	-76.8250320000
89.9562500000	-76.8292270000
89.9625000000	-76.8303450000
89.9687500000	-76.8291040000
89.9750000000	-76.8264620000
89.9812500000	-76.8235720000
89.9875000000	-76.8215730000
89.9937500000	-76.8213800000
90.0000000000	-76.8236560000
